1101000101010110101001101101001111000000000001000000000001000001000001100000100001000000000000000110000000010000101
0111100101001011100011010011100110000100101001000000000010000001000000000100000010101000000000001000000001010000011
1011001011010000101011010111011100100000100010000000001000100001000000000000000000000000000100010000010001110010011
1011001011010000101010111101100110100000010010000000001000100001000000000000000000000000000100001000110110010000011
1101001001001110011001110101011011000000000010000000000000000000100000001010000101000000100000000100010000000001101
1011001010100110111000111100001110100000010010000000000000010100010000000000100001000010010000000000110000000000111
1101001001001110010111110101100011000000000010000000000000000000100000001001001000100000100000101100010010000000011
0111101000101010110011010110100110000101101010000000000000000000001000000100000000100010010000001000010010000000011
1011000110110001111011010010100110100000100001000000000010010000001000010000000000001010010100001000000000000000001
0111101001010000101011010111100110000100101010001000001000000001000000000000000000000000000100001000010011010000011
1101000101010101101011110001100111000000000001000000000010000001000001010000001000001000000100001100000000010000001
1101000101011010011001110010101111000000000001000000000010000000100010100010000001000000010000000101000000000100111
1101000110010001111011110001110011000010000001000000000010000000000000010000000000001010100100001100000000001001011
1101000110010010111001101101011011000010000001000000000001000000000000100000000001000010100000000110000000000001101
0110111101000110101000101101001110000100010000100100110001000001000000000000100001000000000000000000000000010000101
1011001011001010011000111101011010100000010010000000000000101000100000000010000001000000100000000000110000000001111
1101001001001110011001110101011011000000000010000000000000000000100000001010000101000000100000000100010000000001101
1101001001011000011011110110100111000000000010000000001000000000100010000010000000000000010100001101010010000000011
0110111101001010100011000111100110000100100000100010010001000001000000000100000000100000000000001000000011010000011
1011000111010010101001001111001110100000100001000000000001100001000000100000000001000000000000000010001001010000111
1101001010000110111001110101011011000010000010000000000000000100000000000000000101000010100000000100010000000001101
0111101001000110101001010111001110000100101010000100000000000001000000000000010001000000000000000000010001010000101
1101000101011010011001101101011011000000000001000000000001000000100010100010000001000000100000000110000000000001111
1101000110010001111011110010100111000010000001000000000010000000000000010000000000001010010100001101000000000000001
1101000110010001111011110010100111000010000001000000000010000000000000010000000000001010010100001101000000000000001
1100101101010000101011101101011101010000000000001000011001000001000000000000000000000000000100010110000000010010011
0111100101001011100011010011100110000100101001000000000010000001000000000100000010101000000000001000000001010000011
1101001001001110010111110101100011000000000010000000000000000000100000001001001000100000100000101100010010000000011
1101001001001110010111110110001101000000000010000000000000000000100000001001010000100000010001010101010000000000011
1101000110010010111001110001111011000010000001000000000010000000000000100000000001000010100000000100000000001101111
1011001011010000101011010111100110100000100010000000001000100001000000000000000000000000000100001000010011010000001
1011001011000110101000111101001110100000010010000000000000100101000000000000100001000000000000000000110000010000101
1101000110010010111001101101011011000010000001000000000001000000000000100000000001000010100000000110000000000001101
1011001010100110111000111100001110100000010010000000000000010100010000000000100001000010010000000000110000000000111
0110111101001010011000101110001110000100010000100000110001000000100000000010000001000000010000000001001000000000111
1100101101001001011011110010100111010000000000000000010110000000100000000010000000001000010100001101000000000000011
1101000101010101101011110001011101000000000001000000000010000001000001010000000100000100000100010100000000010010011
1100101101000110101001110001101111010000000000000100010010000001000000000000001001000000000000000100000000010100101
0111100101010001101011010011100110000100101001001000000010000001000000010000000000001000000100001000000001010000011
1011001011010000101010111101011100100000010010000000001000100001000000000000000000000000000100010000110000010010001
0111101001001010100010111101100110000100011010000000000000000001000000000100000000100000000000001000110110010000011
1101000101011010011001101101011011000000000001000000000001000000100010100010000001000000100000000110000000000001111
1100101101000110101001110001101111010000000000000100010010000001000000000000001001000000000000000100000000010100101
1100101101001010011001101101011011010000000000000000010001000000100000000010000001000000100000000110000000000001101
0111100101010010101001010011101110000100101001001000000010000001000000100000000001000000000000000000000001010100111
1011000111010001101010111001011100100000010001000000000010100001000000010000000000000100000100010000100000010010011
1100101101000101101011110001100111010000000000000100010110000001000000000000001000001000000100001100000000010000011
1011000110110010111001001101011010100000100001000000000001010000000100100000000001000010100000000010000000000001111
0111101001000110101001010111001110000100101010000100000000000001000000000000010001000000000000000000010001010000101
1011001010110000111011010110011100100000100010000000001000010000001000000000000000000010010100010000010000100010011
