1011001011010000011110111101011000100000010010000000001000100000100000000000000000000000101110010000110000000000000
1011000101110101101011001101000110100000100001000000000001000011000101010000100000010000000100001010000000010000001
0111100101001011011001010011011010000100101001000000000010000000100000000010000011000100100000000000000001100001101
1101001001001101011011110101010011000000000010000000000100000000100000001010000100010000100100001100010000000001010
0111101001010000101010111101011100000100011010001000001000000001000000000000000000000000000100010000110000010010000
1101000100110110111001101100001111000001000001000000000001000000010001100000100001000010010000000110000000000000110
0111010110010001111011000111010010000110100101000010000001000000000000010000000000010010100100001000000001100001011
0110111101000110101000110001101110000100010000100101010010000001000000000000001001000000000000000000000000010100100
1101000101001111100011110001011101000000000001000000000010000001000000001100000110100100000000010100000000010010010
1010101110100010111001001101011010110000100000010000010001010000000100000000000001000010100000000010000000000001110
1010101110100001111011010001110010110000100000010000010110010000000100000000000000001010100100001000000000001001011
1010101101100110101001001101001110110000100000000100010001000011000100000000100001000000000000000010000000010000110
0111101000100110111001010110001110000101101010000100000000000000001000000000010001000010010000000000010000000000100
1010101101101010010111010010101100110000100000000000010010000010101000000001000000100000010001010000000000000100010
1101000101010101101011110001011101000000000001000000000010000001000001010000000100000100000100010100000000010010000
0111100100110001111011010010011100000101101001001000000010000000001000010000000000000110010100010000000000100010011
1011001011000101101011010111000110100000100010000000000100100101000000000000010000010000000100001000010001010000010
1011001001111000011011010110100110100000100010000000001000000010101010000010000000000000010100001000010010000000010
0111010101001111010110110001100010000100010101000001000010000000100000001001001010101000100000101000000000000000011
1101000101010110011101110001101011000000000001000000000010000000100001100000001001000000101000100100000000000100110
1010101110100001111010111000100110110000010000010000010110010000010000000000000000001010010100001000100100000000011
1101000101011010100011101101011101000000000001000000000001000001000010100100000000100000000000010110000000010010000
1010101110100001111011010001110010110000100000010000010110010000000100000000000000001010100100001000000000001001011
1011000111010001101010111001100110100000010001000000000010100001000000010000000000001000000100001000100100010000000
0111011010000101111010110101010010000110010110000001000100000100000000000000000100010010100100001000010000000001011
1010011110100110110111000110001100101000100000000010010001010100001000000000010000100011010001010000000000000000011
1101001010001010110011110110100111000010000010000000000000001000000000000100000000100010010000001101010010000000000
1010011111001010010110101101100010101000010000000000110001101000100000000001000000100000100000101000000110000000011
1010011110101010110010101100011100101000010000000000110001011000010000000100000000100010010000010000000000000010001
1100011101010100101011100101011101001000000000000010011001000001000001000000000100000000000100010100000000010010010
0111100101010010101001010011101110000100101001001000000010000001000000100000000001000000000000000000000001010100100
1011000101111001011011001101010010100000100001000000000001000010100110010010000000010000100100001010000000000001011
0111100101010001101011010011100110000100101001001000000010000001000000010000000000001000000100001000000001010000000
1011001001111000011011010110100110100000100010000000001000000010101010000010000000000000010100001000010010000000010
1100101101000110100111110001101101010000000000000100010010000001000000000000001000100001000001010100000000010100010
0111010100110110111001000110001110000101100101000010000001000000001001100000010001000010010000000000000000000000101
1101000101010110011101101101001011000000000001000000000001000000100001100000100001000000101000100110000000000000110
1101000101010101011111110010001101000000000001000000000010000000100001010000010000000100011101010101000000000000001
1010011111001010100010101101011100101000010000000000110001101001000000000100000000100000000000010000000000010010010
1010011111000110100110101101001100101000010000000000110001100101000000000000100000100001000001010000000000010000001
1101000101011010010111110001111001000000000001000000000010000000100010100001000000100000100010010100000000001100010
0110111100110000111011000110011100000101100000101010011001000000001000000000000000000010010100010000000000100010011
1101000101011001011011110010011101000000000001000000000010000000100010010010000000000100010100010101000000100010001
0111010101010110101000110001101110000100010101000001000010000001000001100000001001000000000000000000000000010100110
1011001001101110011001010101011010100000100010000000000000000010100100001010000101000000100000000000010000000001110
1011001010100110110110111100001100100000010010000000000000010100010000000000100000100011010001010000110000000000001
1010011111010000011110101101011000101000010000000000111001100000100000000000000000000000101110010000000000000000010
1101000101011010010111110010101101000000000001000000000010000000100010100001000000100000010001010101000000000100010
1011001011010000011110111101011000100000010010000000001000100000100000000000000000000000101110010000110000000000000
1011001001101110100011010101100110100000100010000000000000000011000100001100001000100000000000001000010010010000010
