-2.500000
-2.500000
-2.500000
-2.500000
-3.000000
-3.000000
-2.500000
-2.500000
-3.000000
-2.500000
-3.000000
-3.000000
-3.000000
-3.500000
-2.500000
-3.000000
-2.500000
-2.500000
-2.500000
-3.000000
-2.500000
-2.500000
-2.500000
-2.500000
-3.000000
-2.500000
-3.000000
-2.500000
-3.000000
-3.000000
-2.500000
-2.500000
-2.500000
14.000000
14.000000
14.750000
14.750000
14.000000
14.750000
14.750000
14.000000
14.000000
14.750000
14.750000
14.000000
14.000000
14.750000
15.875000
15.875000
15.875000
14.750000
14.750000
14.750000
14.000000
14.750000
14.750000
14.000000
14.000000
14.750000
14.750000
15.875000
15.875000
14.750000
14.000000
14.000000
14.750000
14.750000
14.750000
15.875000
15.875000
14.750000
14.750000
15.875000
14.750000
14.750000
14.750000
15.875000
15.875000
15.875000
15.875000
14.750000
14.000000
14.000000
14.750000
14.750000
14.750000
14.000000
14.750000
14.000000
14.000000
14.750000
14.000000
14.750000
14.750000
14.750000
14.000000
14.000000
14.000000
14.750000
14.750000
14.750000
14.000000
15.875000
15.875000
14.750000
14.750000
15.875000
14.000000
15.875000
14.750000
14.750000
14.750000
14.000000
-12.750000
-25.500000
