Time limit: 3.000000
{'qpu_access_time': 108504, 'charge_time': 2996794, 'run_time': 2996794, 'problem_id': '3256f798-8e0d-4f08-bc6d-de33acf54a8e'}
[1, -1, 1, 1, -1, -1, 1, -1, 1, 1, -1, 1, -1, -1, -1, -1, -1, 1, 1, 1, 1, -1, 1, 1, 1, 1, -1, 1, -1, 1, 1, -1, -1, -1, 1, -1, -1, -1, -1, -1, -1, 1, -1, -1, 1, -1, -1, -1, -1, -1, -1, -1, -1, -1, 1, -1, -1, -1, 1, -1, -1, -1, -1, -1, 1, -1, -1, -1, -1, -1, -1, -1, -1, -1, -1, -1, -1, -1, -1, -1, -1, -1, -1, -1, -1, -1, -1, -1, 1, -1, 1, 1, 1, -1, -1, 1, -1, -1, -1, -1, 1, 1, -1, -1, -1, -1, -1, -1, -1, -1, -1, -1, -1, -1, -1]	-466.25
Time limit: 3.000000
{'qpu_access_time': 108809, 'charge_time': 2992643, 'run_time': 2992643, 'problem_id': '223d9a8c-d44f-488e-82dd-a3ef3cf4abfb'}
[1, -1, 1, 1, -1, -1, -1, 1, -1, 1, 1, 1, -1, 1, -1, 1, 1, -1, 1, -1, 1, 1, -1, -1, 1, 1, -1, 1, -1, -1, -1, 1, 1, -1, 1, -1, -1, -1, -1, -1, 1, -1, -1, -1, -1, 1, -1, -1, -1, -1, -1, -1, -1, -1, -1, -1, -1, 1, -1, -1, -1, -1, 1, 1, -1, -1, -1, 1, -1, 1, -1, 1, -1, -1, -1, -1, 1, -1, -1, -1, -1, -1, -1, 1, -1, -1, -1, -1, -1, -1, -1, 1, -1, -1, -1, -1, 1, -1, 1, -1, -1, -1, -1, -1, -1, -1, -1, 1, -1, -1, -1, -1, -1, -1, 1]	-466.25
Time limit: 3.000000
{'qpu_access_time': 147536, 'charge_time': 2991645, 'run_time': 2991645, 'problem_id': 'ce29acad-d66c-4b5a-a72b-678b7e091b8f'}
[-1, 1, 1, 1, 1, -1, -1, 1, -1, 1, -1, -1, 1, -1, 1, 1, -1, 1, 1, -1, -1, 1, -1, 1, -1, -1, 1, 1, -1, 1, 1, -1, 1, -1, -1, -1, -1, 1, -1, -1, 1, -1, 1, -1, -1, 1, -1, -1, -1, -1, -1, -1, -1, -1, -1, -1, 1, -1, -1, -1, -1, -1, -1, -1, 1, -1, -1, -1, -1, -1, -1, -1, -1, -1, 1, -1, -1, -1, -1, -1, 1, 1, -1, -1, -1, 1, -1, -1, 1, -1, -1, -1, -1, -1, -1, -1, -1, -1, -1, -1, -1, -1, -1, -1, -1, 1, 1, -1, -1, -1, -1, 1, 1, -1, 1]	-466.25
Time limit: 3.000000
{'qpu_access_time': 147743, 'charge_time': 2993603, 'run_time': 2993603, 'problem_id': 'cc098d25-5356-481c-86cc-d762eef0bb24'}
[1, 1, -1, 1, -1, -1, 1, -1, -1, 1, -1, -1, 1, 1, -1, 1, -1, 1, 1, -1, 1, 1, 1, 1, -1, 1, -1, 1, -1, 1, -1, -1, 1, 1, -1, -1, -1, -1, -1, -1, -1, -1, -1, -1, 1, -1, -1, -1, -1, -1, -1, -1, -1, -1, -1, 1, -1, -1, -1, -1, -1, -1, -1, -1, 1, -1, -1, -1, -1, -1, -1, -1, 1, -1, 1, -1, -1, -1, -1, 1, -1, -1, -1, 1, -1, -1, -1, -1, 1, -1, -1, 1, -1, -1, -1, -1, 1, 1, -1, -1, -1, 1, -1, -1, -1, -1, -1, -1, -1, -1, -1, 1, -1, 1, -1]	-466.25
Time limit: 3.000000
{'qpu_access_time': 69353, 'charge_time': 2989087, 'run_time': 2989087, 'problem_id': '40243f74-ea24-4441-aef6-1316fb74afdf'}
[-1, 1, 1, 1, 1, -1, 1, -1, -1, 1, -1, 1, -1, -1, -1, -1, 1, -1, 1, -1, 1, -1, 1, 1, 1, 1, -1, 1, -1, 1, 1, 1, -1, -1, -1, -1, -1, 1, -1, -1, -1, 1, 1, -1, 1, -1, -1, -1, 1, -1, -1, -1, -1, -1, 1, -1, -1, -1, -1, -1, -1, -1, -1, 1, -1, -1, -1, -1, -1, -1, -1, -1, -1, -1, -1, -1, -1, -1, -1, -1, -1, -1, -1, -1, -1, -1, -1, -1, -1, -1, -1, 1, -1, -1, -1, 1, -1, -1, -1, -1, 1, 1, -1, -1, -1, -1, -1, 1, -1, -1, 1, -1, -1, -1, -1]	-466.25
Time limit: 3.000000
{'qpu_access_time': 54946, 'charge_time': 2998091, 'run_time': 2998091, 'problem_id': '3c515b19-c4b2-40d3-a934-c443b7512f55'}
[1, 1, -1, 1, -1, -1, -1, 1, -1, -1, 1, 1, -1, 1, 1, -1, 1, 1, 1, -1, -1, 1, 1, -1, 1, 1, -1, -1, -1, -1, 1, 1, 1, 1, -1, -1, -1, -1, -1, 1, -1, -1, -1, -1, -1, 1, -1, -1, -1, -1, -1, -1, -1, -1, -1, -1, -1, 1, -1, -1, -1, -1, -1, -1, -1, 1, -1, -1, -1, 1, 1, -1, -1, -1, -1, -1, 1, -1, -1, -1, -1, 1, -1, -1, -1, -1, 1, -1, -1, 1, -1, -1, -1, -1, -1, -1, -1, 1, 1, -1, -1, -1, -1, -1, -1, -1, -1, -1, -1, -1, -1, -1, 1, 1, -1]	-466.25
Time limit: 3.000000
{'qpu_access_time': 156184, 'charge_time': 2990276, 'run_time': 2990276, 'problem_id': '04e4e7c6-087b-4b84-bbe3-3eb42c65f601'}
[-1, 1, 1, 1, -1, 1, -1, 1, 1, -1, -1, 1, -1, -1, -1, 1, 1, 1, 1, -1, 1, 1, -1, -1, -1, 1, 1, 1, -1, 1, -1, -1, 1, -1, -1, -1, -1, 1, 1, -1, 1, -1, -1, 1, -1, 1, -1, -1, -1, -1, 1, -1, -1, -1, -1, -1, -1, 1, -1, -1, -1, -1, -1, -1, -1, -1, -1, -1, -1, -1, -1, 1, -1, -1, -1, -1, -1, -1, -1, -1, -1, -1, -1, 1, -1, -1, 1, -1, 1, -1, -1, 1, -1, -1, -1, -1, 1, -1, -1, -1, -1, -1, -1, -1, -1, 1, 1, -1, -1, -1, -1, 1, -1, 1, 1]	-466.25
Time limit: 3.000000
{'qpu_access_time': 155951, 'charge_time': 2992211, 'run_time': 2992211, 'problem_id': 'a568a59a-85d4-451c-9cff-07410cb963ae'}
[-1, 1, 1, -1, 1, 1, 1, 1, -1, 1, -1, -1, -1, 1, 1, -1, 1, -1, 1, -1, -1, -1, 1, 1, -1, -1, -1, 1, 1, -1, 1, 1, 1, -1, -1, -1, -1, 1, -1, -1, -1, 1, -1, -1, -1, -1, 1, -1, -1, 1, -1, 1, -1, 1, -1, -1, 1, -1, -1, -1, -1, -1, -1, 1, -1, -1, -1, -1, -1, -1, -1, -1, -1, -1, -1, -1, -1, -1, 1, -1, -1, 1, -1, -1, -1, -1, -1, -1, -1, -1, -1, -1, -1, -1, -1, -1, -1, -1, -1, -1, -1, -1, -1, -1, -1, -1, -1, 1, -1, 1, -1, -1, 1, -1, -1]	-466.25
Time limit: 3.000000
{'qpu_access_time': 154397, 'charge_time': 2993456, 'run_time': 2993456, 'problem_id': '0f5de1ed-4ace-42ac-a270-e8e49b623893'}
[1, 1, -1, 1, -1, -1, -1, 1, -1, 1, -1, -1, 1, 1, 1, 1, 1, -1, -1, -1, 1, 1, 1, 1, -1, -1, -1, 1, -1, 1, 1, 1, -1, 1, -1, -1, -1, -1, -1, -1, -1, -1, -1, -1, -1, 1, -1, -1, -1, -1, -1, -1, -1, -1, -1, -1, 1, -1, -1, -1, -1, -1, -1, 1, -1, -1, -1, -1, -1, -1, -1, -1, 1, 1, -1, -1, -1, -1, -1, 1, 1, -1, 1, -1, -1, 1, -1, -1, -1, -1, -1, -1, -1, -1, -1, 1, -1, 1, -1, -1, -1, -1, -1, -1, -1, -1, -1, 1, -1, -1, 1, -1, -1, 1, -1]	-466.25
Time limit: 3.000000
{'qpu_access_time': 148329, 'charge_time': 2999914, 'run_time': 2999914, 'problem_id': '5f1742a5-56ca-431e-8aac-3aa627e88654'}
[1, -1, 1, -1, 1, -1, 1, 1, 1, -1, 1, -1, -1, -1, 1, -1, 1, 1, 1, -1, -1, 1, -1, -1, 1, 1, -1, 1, -1, 1, 1, -1, 1, -1, 1, 1, -1, -1, -1, -1, 1, -1, -1, -1, -1, -1, -1, 1, -1, -1, -1, -1, -1, 1, -1, -1, -1, 1, -1, 1, -1, -1, -1, -1, -1, -1, -1, 1, -1, -1, -1, -1, -1, -1, -1, -1, -1, -1, -1, -1, -1, 1, -1, -1, -1, -1, 1, -1, 1, -1, -1, -1, -1, -1, -1, -1, -1, -1, 1, -1, -1, -1, -1, -1, -1, -1, -1, -1, -1, -1, -1, 1, 1, 1, -1]	-466.25
Time limit: 3.000000
{'qpu_access_time': 147909, 'charge_time': 2994117, 'run_time': 2994117, 'problem_id': '6729b2d9-8d1c-498d-82c1-d005dddc0ff5'}
[1, -1, 1, -1, 1, -1, 1, 1, 1, -1, 1, -1, -1, -1, -1, 1, 1, 1, 1, -1, 1, 1, -1, 1, -1, -1, -1, 1, 1, 1, -1, -1, 1, -1, 1, 1, -1, -1, -1, -1, 1, -1, -1, -1, -1, -1, -1, 1, -1, -1, -1, -1, -1, 1, -1, 1, 1, -1, -1, 1, -1, -1, -1, -1, -1, -1, -1, 1, -1, -1, -1, -1, -1, -1, -1, -1, -1, -1, -1, -1, -1, -1, -1, -1, 1, -1, 1, -1, 1, -1, -1, 1, -1, -1, -1, -1, 1, -1, -1, -1, -1, -1, -1, -1, -1, -1, -1, -1, 1, -1, -1, 1, -1, 1, 1]	-466.25
Time limit: 3.000000
{'qpu_access_time': 156026, 'charge_time': 2988103, 'run_time': 2988103, 'problem_id': 'b906069e-3ed2-4402-b568-bfe021729848'}
[1, -1, 1, -1, 1, -1, 1, 1, -1, 1, 1, -1, -1, 1, 1, -1, 1, -1, 1, -1, -1, 1, -1, -1, 1, 1, -1, 1, -1, -1, 1, 1, 1, -1, 1, 1, -1, -1, -1, -1, 1, -1, -1, -1, -1, -1, -1, -1, -1, 1, -1, -1, -1, 1, -1, -1, -1, 1, -1, -1, -1, -1, 1, 1, -1, -1, -1, 1, -1, -1, -1, -1, -1, -1, -1, -1, 1, -1, -1, -1, -1, 1, -1, -1, -1, -1, -1, -1, -1, -1, -1, -1, -1, -1, -1, -1, -1, -1, 1, -1, -1, -1, -1, -1, -1, -1, -1, 1, -1, -1, -1, -1, 1, 1, -1]	-466.25
Time limit: 3.000000
{'qpu_access_time': 115336, 'charge_time': 2999023, 'run_time': 2999023, 'problem_id': 'df5c5108-2625-4325-a19c-498d737e37b1'}
[-1, 1, 1, 1, 1, -1, 1, -1, -1, -1, 1, -1, -1, 1, 1, -1, 1, 1, 1, -1, -1, 1, -1, 1, -1, 1, 1, -1, -1, -1, 1, 1, 1, -1, -1, -1, -1, 1, -1, 1, 1, -1, 1, -1, 1, -1, -1, -1, -1, 1, -1, -1, -1, -1, -1, -1, -1, -1, -1, -1, -1, -1, -1, -1, -1, -1, 1, -1, -1, -1, -1, -1, -1, -1, -1, -1, -1, 1, -1, -1, -1, 1, -1, -1, -1, -1, 1, -1, -1, 1, -1, -1, -1, -1, -1, -1, -1, -1, -1, -1, -1, 1, -1, -1, -1, -1, -1, -1, -1, -1, -1, -1, 1, -1, -1]	-466.25
Time limit: 3.000000
{'qpu_access_time': 108417, 'charge_time': 2997269, 'run_time': 2997269, 'problem_id': '3468e17e-8b93-4f28-bbcf-b870f913ec31'}
[1, -1, 1, -1, 1, -1, 1, 1, -1, 1, 1, -1, 1, -1, 1, -1, -1, 1, -1, 1, 1, 1, -1, 1, -1, -1, 1, -1, 1, -1, 1, 1, -1, -1, 1, 1, -1, -1, -1, -1, 1, -1, -1, -1, -1, -1, -1, -1, -1, -1, -1, -1, -1, 1, -1, -1, 1, -1, -1, -1, -1, -1, 1, -1, 1, -1, 1, -1, -1, -1, -1, -1, -1, -1, -1, 1, -1, -1, -1, -1, -1, -1, 1, -1, -1, -1, -1, -1, -1, 1, -1, -1, -1, 1, -1, 1, -1, -1, -1, -1, -1, -1, -1, -1, -1, -1, -1, -1, -1, 1, -1, -1, -1, 1, -1]	-466.25
Time limit: 3.000000
{'qpu_access_time': 148001, 'charge_time': 2995569, 'run_time': 2995569, 'problem_id': '12fd17d3-3304-4f17-a085-2e527570a0f7'}
[1, 1, -1, 1, -1, -1, -1, 1, -1, 1, -1, 1, -1, 1, -1, 1, 1, -1, 1, -1, 1, 1, 1, 1, -1, -1, -1, 1, -1, 1, 1, 1, -1, 1, -1, -1, -1, -1, -1, -1, -1, -1, -1, -1, -1, 1, -1, -1, -1, -1, -1, -1, -1, -1, -1, -1, 1, -1, -1, -1, -1, -1, -1, 1, -1, -1, -1, -1, -1, 1, -1, 1, -1, -1, -1, -1, -1, -1, -1, 1, -1, -1, -1, -1, -1, 1, -1, -1, -1, -1, -1, 1, -1, -1, -1, 1, -1, 1, -1, -1, -1, -1, -1, -1, -1, -1, -1, 1, -1, -1, 1, -1, -1, -1, -1]	-466.25
Time limit: 3.000000
{'qpu_access_time': 154485, 'charge_time': 2994288, 'run_time': 2994288, 'problem_id': 'd8d947a5-6cb3-4bb8-92c7-108f5fd7cd17'}
[-1, 1, 1, 1, 1, -1, -1, 1, -1, -1, 1, 1, -1, -1, -1, 1, 1, 1, 1, -1, 1, 1, -1, 1, -1, -1, 1, -1, -1, 1, 1, 1, -1, -1, -1, -1, -1, 1, -1, 1, 1, -1, 1, -1, -1, 1, -1, -1, 1, -1, -1, -1, -1, -1, -1, -1, 1, -1, -1, -1, -1, -1, -1, -1, -1, -1, 1, -1, -1, -1, -1, 1, -1, -1, -1, -1, -1, -1, -1, -1, -1, -1, -1, -1, -1, 1, 1, -1, -1, 1, -1, 1, -1, -1, -1, 1, -1, -1, -1, -1, -1, -1, -1, -1, -1, -1, 1, -1, -1, -1, 1, -1, -1, 1, 1]	-466.25
Time limit: 3.000000
{'qpu_access_time': 151680, 'charge_time': 2994238, 'run_time': 2994238, 'problem_id': 'c5659f55-c698-46bd-9183-24bc0ccc945f'}
[1, -1, 1, 1, -1, -1, 1, -1, 1, 1, -1, -1, -1, 1, -1, 1, 1, -1, 1, -1, 1, 1, -1, 1, -1, 1, 1, 1, -1, -1, -1, 1, 1, -1, 1, -1, -1, -1, -1, -1, 1, -1, -1, -1, 1, -1, -1, -1, -1, -1, -1, -1, -1, -1, -1, 1, -1, -1, 1, -1, -1, 1, -1, 1, -1, -1, -1, -1, -1, -1, -1, -1, -1, -1, -1, -1, -1, 1, -1, -1, -1, -1, -1, 1, -1, -1, -1, -1, -1, -1, -1, 1, -1, -1, -1, -1, 1, -1, -1, -1, -1, 1, -1, -1, -1, 1, -1, 1, -1, -1, -1, -1, -1, 1, -1]	-466.25
Time limit: 3.000000
{'qpu_access_time': 155973, 'charge_time': 2993233, 'run_time': 2993233, 'problem_id': 'f3437c38-9689-4fec-a075-1c123634064e'}
[1, -1, 1, 1, -1, -1, 1, -1, -1, 1, 1, 1, 1, -1, -1, -1, -1, 1, 1, -1, 1, 1, -1, 1, -1, 1, 1, -1, 1, -1, -1, 1, 1, -1, 1, -1, -1, -1, -1, -1, 1, -1, -1, -1, 1, -1, -1, -1, -1, -1, -1, -1, -1, -1, 1, -1, -1, -1, -1, -1, -1, -1, 1, -1, 1, -1, 1, -1, 1, -1, -1, -1, -1, -1, 1, -1, -1, -1, -1, -1, -1, -1, -1, -1, -1, -1, -1, -1, -1, 1, -1, 1, -1, -1, -1, -1, 1, -1, -1, -1, -1, 1, -1, -1, 1, -1, -1, -1, -1, -1, -1, -1, -1, 1, -1]	-466.25
Time limit: 3.000000
{'qpu_access_time': 147653, 'charge_time': 2989740, 'run_time': 2989740, 'problem_id': '4d6516bd-02ab-4d99-9ffa-6cc93e500998'}
[-1, 1, 1, 1, -1, 1, -1, 1, -1, 1, -1, -1, 1, 1, 1, 1, -1, 1, -1, 1, 1, -1, 1, 1, -1, -1, -1, 1, 1, -1, -1, -1, 1, -1, -1, -1, -1, 1, -1, -1, -1, 1, -1, 1, -1, 1, -1, -1, -1, -1, -1, 1, -1, -1, -1, -1, 1, -1, -1, -1, -1, -1, -1, -1, 1, -1, -1, -1, -1, -1, -1, -1, 1, -1, -1, 1, -1, -1, 1, -1, 1, -1, 1, -1, 1, -1, -1, -1, 1, -1, -1, -1, -1, -1, 1, -1, 1, -1, -1, -1, -1, -1, -1, -1, -1, -1, -1, -1, -1, -1, -1, -1, -1, 1, 1]	-466.25
Time limit: 3.000000
{'qpu_access_time': 115057, 'charge_time': 2998205, 'run_time': 2998205, 'problem_id': '95421fb5-aa7f-4c2b-b69b-ca215a26046a'}
[1, 1, -1, 1, -1, -1, -1, 1, -1, 1, -1, 1, -1, 1, 1, -1, -1, 1, 1, 1, -1, 1, 1, 1, -1, -1, -1, 1, 1, -1, 1, -1, 1, 1, -1, -1, -1, -1, -1, -1, -1, -1, -1, -1, -1, 1, -1, -1, -1, -1, -1, -1, -1, -1, -1, -1, 1, -1, -1, -1, -1, -1, -1, -1, 1, -1, -1, -1, -1, 1, 1, -1, -1, -1, -1, -1, -1, -1, 1, -1, -1, 1, -1, -1, -1, -1, -1, -1, 1, -1, 1, -1, -1, -1, 1, -1, -1, 1, -1, -1, -1, -1, -1, -1, -1, -1, -1, -1, -1, 1, -1, -1, 1, 1, -1]	-466.25
Time limit: 3.000000
{'qpu_access_time': 195762, 'charge_time': 2999278, 'run_time': 2999278, 'problem_id': '50da5e35-a469-4373-9a56-8eba8ee853c2'}
[1, -1, 1, -1, 1, -1, 1, 1, 1, -1, 1, -1, -1, -1, -1, 1, 1, 1, 1, -1, 1, -1, 1, 1, 1, -1, -1, -1, 1, -1, -1, 1, 1, -1, 1, 1, -1, -1, -1, -1, -1, 1, -1, -1, -1, -1, -1, 1, -1, -1, -1, -1, -1, 1, -1, 1, 1, -1, -1, 1, -1, -1, -1, -1, -1, 1, -1, -1, -1, -1, -1, -1, -1, -1, -1, -1, -1, -1, -1, -1, -1, -1, -1, -1, 1, -1, 1, -1, -1, 1, -1, 1, -1, -1, -1, -1, 1, -1, -1, -1, 1, -1, -1, 1, -1, -1, -1, -1, -1, -1, -1, -1, -1, 1, 1]	-466.25
Time limit: 3.000000
{'qpu_access_time': 36021, 'charge_time': 2991601, 'run_time': 2991601, 'problem_id': 'a2859b4d-9d31-4366-a53e-4a758a709714'}
[1, 1, -1, 1, -1, -1, -1, 1, -1, 1, -1, 1, 1, -1, 1, -1, 1, -1, -1, -1, 1, 1, 1, -1, 1, 1, -1, 1, -1, 1, 1, 1, -1, 1, -1, -1, -1, -1, -1, -1, -1, -1, -1, -1, -1, 1, -1, -1, -1, -1, -1, -1, -1, -1, -1, -1, -1, 1, -1, -1, -1, -1, -1, 1, -1, -1, -1, -1, 1, -1, 1, -1, -1, 1, -1, -1, -1, -1, -1, -1, -1, -1, 1, -1, -1, -1, -1, -1, -1, -1, -1, -1, -1, -1, -1, 1, -1, 1, 1, -1, -1, -1, -1, -1, -1, -1, -1, 1, -1, -1, 1, -1, -1, -1, -1]	-466.25
Time limit: 3.000000
{'qpu_access_time': 59439, 'charge_time': 2997265, 'run_time': 2997265, 'problem_id': 'b4bcd6f3-c49a-4506-b681-765bb12a276c'}
[1, -1, 1, -1, 1, -1, 1, 1, 1, -1, 1, -1, -1, -1, -1, 1, 1, 1, 1, -1, 1, 1, -1, 1, -1, -1, -1, 1, 1, 1, -1, -1, 1, -1, 1, 1, -1, -1, -1, -1, 1, -1, -1, -1, -1, -1, -1, 1, -1, -1, -1, -1, -1, 1, -1, 1, 1, -1, -1, 1, -1, -1, -1, -1, -1, -1, -1, 1, -1, -1, -1, -1, -1, -1, -1, -1, -1, -1, -1, -1, -1, -1, -1, -1, 1, -1, 1, -1, 1, -1, -1, 1, -1, -1, -1, -1, 1, -1, -1, -1, -1, -1, -1, -1, -1, -1, -1, -1, 1, -1, -1, 1, -1, 1, 1]	-466.25
Time limit: 3.000000
{'qpu_access_time': 148242, 'charge_time': 2996566, 'run_time': 2996566, 'problem_id': 'b592d9a7-9b37-4d08-a546-e62da265a3a7'}
[1, -1, 1, 1, -1, -1, -1, 1, 1, 1, -1, 1, -1, -1, -1, 1, 1, -1, 1, -1, 1, -1, 1, 1, 1, -1, -1, 1, 1, -1, -1, 1, 1, -1, 1, -1, -1, -1, -1, -1, -1, 1, -1, -1, -1, 1, -1, -1, -1, -1, -1, -1, -1, -1, -1, -1, 1, -1, 1, -1, -1, -1, -1, 1, -1, -1, -1, -1, -1, -1, -1, 1, -1, -1, -1, -1, -1, -1, -1, -1, -1, -1, -1, -1, 1, -1, -1, -1, -1, -1, -1, 1, -1, -1, -1, -1, 1, -1, -1, -1, 1, -1, -1, 1, -1, -1, -1, 1, -1, -1, -1, -1, -1, -1, -1]	-466.25
Time limit: 3.000000
{'qpu_access_time': 147799, 'charge_time': 2990613, 'run_time': 2990613, 'problem_id': 'd2f98b7c-2f4b-4d21-92b4-4e56b55ead26'}
[-1, 1, 1, 1, -1, 1, 1, -1, 1, -1, -1, -1, -1, 1, -1, 1, 1, 1, 1, -1, 1, -1, 1, 1, -1, 1, -1, 1, -1, 1, -1, -1, 1, -1, -1, -1, -1, 1, 1, -1, -1, 1, -1, 1, 1, -1, -1, -1, -1, -1, -1, 1, -1, -1, -1, 1, -1, -1, -1, -1, -1, 1, -1, -1, -1, -1, -1, -1, -1, -1, -1, -1, -1, -1, -1, -1, -1, -1, -1, 1, -1, -1, -1, 1, -1, -1, 1, -1, 1, -1, -1, 1, -1, -1, -1, -1, 1, -1, -1, -1, -1, 1, -1, -1, -1, -1, -1, -1, -1, -1, -1, 1, -1, 1, 1]	-466.25
Time limit: 3.000000
{'qpu_access_time': 148036, 'charge_time': 2995751, 'run_time': 2995751, 'problem_id': 'f597a1c4-4a86-4dd2-bf17-01ca5e71f4aa'}
[1, -1, 1, -1, -1, 1, 1, 1, 1, -1, 1, -1, -1, 1, 1, -1, 1, 1, -1, 1, 1, 1, -1, -1, -1, 1, 1, -1, -1, -1, 1, 1, -1, -1, 1, -1, 1, -1, -1, -1, 1, -1, -1, -1, -1, -1, -1, -1, -1, -1, 1, -1, -1, 1, -1, -1, -1, 1, -1, 1, -1, 1, -1, -1, -1, -1, 1, -1, -1, -1, -1, -1, -1, -1, -1, -1, -1, 1, -1, -1, -1, -1, 1, -1, -1, -1, 1, 1, -1, 1, -1, -1, -1, 1, -1, 1, -1, -1, -1, -1, -1, -1, -1, -1, -1, -1, -1, -1, -1, -1, -1, -1, -1, 1, 1]	-466.25
Time limit: 3.000000
{'qpu_access_time': 37165, 'charge_time': 2999746, 'run_time': 2999746, 'problem_id': 'a1c792ff-7653-437b-a4e6-7c3179d4322f'}
[1, 1, -1, 1, -1, -1, 1, -1, 1, -1, -1, -1, 1, -1, 1, -1, 1, 1, -1, -1, 1, 1, 1, 1, -1, 1, 1, -1, 1, -1, -1, 1, 1, 1, -1, -1, -1, -1, 1, -1, -1, -1, -1, -1, 1, -1, -1, -1, -1, -1, -1, -1, -1, -1, -1, -1, -1, -1, -1, -1, 1, -1, -1, -1, -1, -1, -1, -1, -1, -1, -1, -1, -1, 1, -1, -1, -1, -1, -1, -1, -1, -1, 1, -1, -1, -1, 1, -1, -1, 1, -1, -1, -1, -1, -1, -1, 1, 1, -1, 1, -1, 1, -1, -1, 1, -1, -1, -1, -1, -1, -1, -1, -1, -1, -1]	-466.25
Time limit: 3.000000
{'qpu_access_time': 89816, 'charge_time': 2991902, 'run_time': 2991902, 'problem_id': '08853d89-2fd1-4203-9171-aa42b7fae795'}
[1, -1, 1, -1, -1, 1, 1, 1, 1, 1, -1, -1, 1, -1, 1, -1, -1, 1, -1, 1, 1, -1, 1, -1, 1, 1, -1, 1, 1, -1, -1, -1, 1, -1, 1, -1, 1, -1, -1, -1, -1, 1, -1, -1, -1, -1, -1, -1, -1, -1, -1, -1, 1, 1, -1, -1, -1, 1, 1, -1, 1, -1, -1, -1, 1, -1, -1, -1, -1, -1, -1, -1, -1, -1, -1, 1, -1, -1, -1, -1, -1, -1, 1, -1, -1, -1, -1, -1, 1, -1, -1, -1, -1, -1, 1, -1, 1, -1, -1, -1, -1, -1, -1, 1, 1, -1, -1, -1, -1, -1, -1, -1, -1, 1, 1]	-466.25
Time limit: 3.000000
{'qpu_access_time': 115179, 'charge_time': 2999361, 'run_time': 2999361, 'problem_id': '4b222cb2-6c0f-4ab8-a5e6-acbb87e66f32'}
[1, -1, 1, -1, -1, 1, 1, 1, 1, -1, 1, -1, 1, -1, 1, -1, 1, 1, -1, -1, 1, -1, 1, -1, 1, 1, -1, -1, -1, 1, 1, 1, -1, -1, 1, -1, 1, -1, -1, -1, -1, 1, -1, -1, -1, -1, -1, -1, -1, -1, -1, -1, 1, 1, -1, -1, -1, 1, -1, 1, 1, -1, -1, -1, -1, 1, -1, -1, -1, -1, -1, -1, -1, 1, -1, -1, -1, -1, -1, -1, -1, -1, 1, -1, -1, -1, 1, -1, -1, 1, -1, -1, -1, -1, -1, 1, -1, -1, -1, -1, -1, -1, -1, -1, -1, -1, -1, -1, -1, -1, 1, -1, -1, -1, 1]	-466.25
Time limit: 3.000000
{'qpu_access_time': 124337, 'charge_time': 2999620, 'run_time': 2999620, 'problem_id': 'ee7c7430-7415-4fe2-825f-295c1f783120'}
[1, 1, -1, -1, -1, 1, 1, 1, -1, 1, -1, 1, -1, 1, -1, -1, 1, -1, 1, -1, 1, 1, 1, -1, -1, 1, -1, 1, -1, 1, 1, 1, -1, 1, -1, -1, 1, -1, -1, -1, -1, -1, -1, -1, -1, -1, -1, -1, -1, -1, 1, -1, -1, 1, 1, -1, -1, 1, -1, -1, -1, -1, -1, 1, -1, -1, -1, -1, -1, 1, -1, -1, -1, -1, -1, -1, -1, -1, -1, 1, -1, -1, -1, -1, -1, -1, -1, -1, -1, -1, -1, 1, -1, -1, -1, 1, -1, 1, -1, -1, -1, -1, -1, -1, -1, -1, -1, 1, -1, -1, 1, -1, -1, 1, -1]	-466.25
Time limit: 3.000000
{'qpu_access_time': 117703, 'charge_time': 2999053, 'run_time': 2999053, 'problem_id': 'ffce36c0-632d-4c43-8b44-21c036b5dbe8'}
[-1, 1, 1, 1, 1, -1, -1, 1, -1, 1, -1, 1, -1, -1, 1, -1, 1, -1, 1, -1, -1, 1, -1, 1, -1, -1, 1, 1, 1, -1, 1, 1, 1, -1, -1, -1, -1, 1, -1, -1, 1, -1, 1, -1, -1, 1, -1, -1, 1, -1, -1, -1, -1, -1, -1, -1, 1, -1, -1, -1, -1, -1, -1, 1, -1, -1, -1, -1, -1, -1, 1, -1, -1, -1, -1, -1, -1, -1, -1, -1, -1, 1, -1, -1, -1, -1, -1, -1, -1, -1, -1, -1, -1, -1, -1, -1, -1, -1, -1, -1, -1, -1, -1, -1, -1, 1, -1, 1, -1, 1, -1, -1, 1, -1, -1]	-466.25
Time limit: 3.000000
{'qpu_access_time': 155169, 'charge_time': 2991661, 'run_time': 2991661, 'problem_id': 'bf3b7dc4-74d8-4979-be9b-2939c2f064f8'}
[1, -1, 1, 1, -1, -1, -1, 1, -1, 1, 1, 1, 1, -1, -1, 1, -1, 1, 1, -1, 1, 1, -1, -1, 1, 1, -1, 1, -1, 1, -1, -1, 1, -1, 1, -1, -1, -1, -1, -1, 1, -1, -1, -1, -1, 1, -1, -1, -1, -1, -1, -1, -1, -1, -1, -1, -1, 1, -1, -1, -1, -1, 1, -1, 1, -1, -1, 1, 1, -1, -1, 1, -1, -1, 1, -1, -1, -1, -1, -1, -1, -1, -1, 1, -1, -1, -1, -1, 1, -1, -1, 1, -1, -1, -1, -1, 1, -1, 1, -1, -1, -1, -1, -1, -1, -1, -1, -1, -1, -1, -1, 1, -1, 1, 1]	-466.25
Time limit: 3.000000
{'qpu_access_time': 156209, 'charge_time': 2995173, 'run_time': 2995173, 'problem_id': 'dbe0a506-e2da-4639-8948-fd35694991a8'}
[-1, 1, 1, 1, 1, -1, -1, 1, -1, 1, -1, 1, -1, -1, -1, 1, 1, -1, 1, -1, 1, 1, -1, 1, -1, -1, 1, 1, 1, -1, -1, 1, 1, -1, -1, -1, -1, 1, -1, -1, 1, -1, 1, -1, -1, 1, -1, -1, 1, -1, -1, -1, -1, -1, -1, -1, 1, -1, -1, -1, -1, -1, -1, 1, -1, -1, -1, -1, -1, -1, -1, 1, -1, -1, -1, -1, -1, -1, -1, -1, -1, -1, -1, -1, 1, -1, -1, -1, -1, -1, -1, 1, -1, -1, -1, -1, 1, -1, -1, -1, -1, -1, -1, -1, -1, 1, -1, 1, -1, -1, -1, -1, -1, -1, -1]	-466.25
Time limit: 3.000000
{'qpu_access_time': 148036, 'charge_time': 2989759, 'run_time': 2989759, 'problem_id': '4fe6701e-f317-47ab-88bb-970afcc70ad0'}
[1, -1, 1, 1, -1, -1, 1, -1, -1, 1, 1, 1, 1, -1, -1, -1, -1, 1, 1, -1, 1, 1, -1, 1, -1, 1, 1, -1, 1, -1, -1, 1, 1, -1, 1, -1, -1, -1, -1, -1, 1, -1, -1, -1, 1, -1, -1, -1, -1, -1, -1, -1, -1, -1, 1, -1, -1, -1, -1, -1, -1, -1, 1, -1, 1, -1, 1, -1, 1, -1, -1, -1, -1, -1, 1, -1, -1, -1, -1, -1, -1, -1, -1, -1, -1, -1, -1, -1, -1, 1, -1, 1, -1, -1, -1, -1, 1, -1, -1, -1, -1, 1, -1, -1, 1, -1, -1, -1, -1, -1, -1, -1, -1, 1, -1]	-466.25
Time limit: 3.000000
{'qpu_access_time': 155992, 'charge_time': 2994323, 'run_time': 2994323, 'problem_id': 'dcb90c3b-63c2-4c8f-bf5f-3a8b24b58c0f'}
[1, 1, -1, -1, 1, -1, 1, 1, -1, 1, -1, -1, -1, 1, 1, -1, 1, -1, -1, 1, 1, 1, 1, 1, -1, -1, -1, 1, 1, -1, 1, 1, -1, 1, -1, 1, -1, -1, -1, -1, -1, -1, -1, -1, -1, -1, -1, -1, -1, 1, -1, -1, -1, 1, -1, -1, 1, -1, -1, -1, -1, -1, -1, 1, -1, -1, -1, -1, -1, -1, -1, -1, -1, -1, -1, -1, -1, -1, 1, -1, -1, -1, 1, -1, -1, -1, -1, 1, -1, -1, -1, -1, -1, 1, -1, 1, -1, 1, -1, -1, -1, -1, -1, -1, -1, -1, -1, 1, -1, 1, -1, -1, -1, 1, -1]	-466.25
Time limit: 3.000000
{'qpu_access_time': 151138, 'charge_time': 2997665, 'run_time': 2997665, 'problem_id': 'ec1bf5a0-8d2d-4574-ae09-90a62b9573eb'}
[-1, 1, 1, 1, -1, 1, -1, 1, -1, -1, 1, 1, -1, 1, 1, -1, 1, 1, 1, -1, -1, 1, -1, -1, -1, 1, 1, -1, -1, -1, 1, 1, 1, -1, -1, -1, -1, 1, -1, 1, 1, -1, -1, 1, -1, 1, -1, -1, -1, -1, 1, -1, -1, -1, -1, -1, -1, 1, -1, -1, -1, -1, -1, -1, -1, -1, 1, -1, -1, 1, 1, -1, -1, -1, -1, -1, -1, 1, -1, -1, -1, 1, -1, -1, -1, -1, 1, -1, -1, 1, -1, -1, -1, -1, -1, -1, -1, -1, -1, -1, -1, -1, -1, -1, -1, -1, -1, -1, -1, -1, -1, -1, 1, -1, 1]	-466.25
Time limit: 3.000000
{'qpu_access_time': 148611, 'charge_time': 2997288, 'run_time': 2997288, 'problem_id': '673af13d-39dd-4da8-a0aa-4ca83a725d2b'}
[1, 1, -1, 1, -1, -1, -1, 1, -1, 1, -1, 1, -1, 1, 1, -1, -1, 1, 1, 1, -1, 1, 1, -1, 1, 1, -1, 1, -1, -1, 1, -1, 1, 1, -1, -1, -1, -1, -1, -1, -1, -1, -1, -1, -1, 1, -1, -1, -1, -1, -1, -1, -1, -1, -1, -1, -1, 1, -1, -1, -1, -1, -1, -1, 1, -1, -1, -1, -1, 1, 1, -1, -1, -1, -1, -1, 1, -1, -1, -1, -1, 1, -1, -1, -1, -1, -1, -1, 1, -1, 1, -1, -1, -1, 1, -1, -1, 1, 1, -1, -1, -1, -1, -1, -1, -1, -1, -1, -1, -1, -1, -1, 1, 1, -1]	-466.25
Time limit: 3.000000
{'qpu_access_time': 148473, 'charge_time': 2992722, 'run_time': 2992722, 'problem_id': '127bfae3-994b-4f87-9bec-82e35586df4f'}
[1, 1, -1, 1, -1, -1, -1, 1, -1, 1, -1, 1, -1, 1, -1, 1, -1, 1, 1, 1, 1, 1, 1, 1, -1, -1, 1, -1, -1, -1, 1, 1, -1, 1, -1, -1, -1, -1, -1, -1, -1, -1, -1, -1, -1, 1, -1, -1, -1, -1, -1, -1, -1, -1, -1, -1, 1, -1, -1, -1, -1, -1, -1, -1, 1, -1, -1, -1, -1, 1, -1, 1, -1, -1, -1, -1, -1, 1, -1, -1, -1, -1, -1, -1, -1, 1, -1, -1, -1, 1, 1, 1, -1, 1, -1, 1, -1, 1, -1, 1, -1, -1, -1, -1, -1, -1, -1, -1, -1, -1, -1, -1, -1, -1, 1]	-466.25
Time limit: 3.000000
{'qpu_access_time': 107897, 'charge_time': 2996048, 'run_time': 2996048, 'problem_id': '92c52119-7aef-4822-9473-adcb831530a5'}
[1, -1, 1, -1, -1, 1, 1, 1, 1, 1, -1, -1, 1, -1, 1, -1, 1, -1, -1, -1, 1, -1, 1, -1, 1, 1, -1, 1, -1, 1, 1, 1, -1, -1, 1, -1, 1, -1, -1, -1, -1, 1, -1, -1, -1, -1, -1, -1, -1, -1, -1, -1, 1, 1, -1, -1, -1, 1, 1, -1, 1, -1, -1, 1, -1, -1, -1, -1, -1, -1, -1, -1, -1, 1, -1, -1, -1, -1, -1, -1, -1, -1, 1, -1, -1, -1, -1, -1, -1, -1, -1, -1, -1, -1, -1, 1, -1, -1, -1, -1, -1, -1, -1, -1, -1, -1, -1, 1, -1, -1, 1, -1, -1, 1, -1]	-466.25
Time limit: 3.000000
{'qpu_access_time': 153976, 'charge_time': 2987857, 'run_time': 2987857, 'problem_id': '9ead55f4-8abd-4d21-a82a-9fa9859e5e0e'}
[1, -1, 1, -1, -1, 1, 1, 1, 1, 1, -1, -1, -1, 1, 1, -1, 1, -1, -1, 1, 1, -1, 1, -1, 1, 1, -1, 1, -1, -1, 1, 1, -1, -1, 1, -1, 1, -1, -1, -1, -1, 1, -1, -1, -1, -1, -1, -1, -1, -1, -1, -1, 1, 1, -1, -1, -1, 1, 1, -1, -1, 1, -1, 1, -1, -1, -1, -1, -1, -1, -1, -1, -1, -1, -1, -1, 1, -1, -1, -1, -1, -1, 1, -1, -1, -1, -1, 1, -1, -1, -1, -1, -1, 1, -1, 1, -1, -1, -1, -1, -1, -1, -1, -1, -1, -1, -1, 1, -1, -1, -1, -1, -1, -1, 1]	-466.25
Time limit: 3.000000
{'qpu_access_time': 155814, 'charge_time': 2992842, 'run_time': 2992842, 'problem_id': '6fe636cd-42e6-4cdd-9e59-f6c9d47b8624'}
[1, 1, -1, 1, -1, -1, -1, 1, -1, 1, -1, 1, 1, -1, 1, -1, -1, 1, -1, 1, 1, 1, 1, 1, -1, -1, -1, 1, 1, 1, 1, -1, -1, 1, -1, -1, -1, -1, -1, -1, -1, -1, -1, -1, -1, 1, -1, -1, -1, -1, -1, -1, -1, -1, -1, -1, 1, -1, -1, -1, -1, -1, -1, -1, 1, -1, -1, -1, 1, -1, 1, -1, -1, -1, -1, 1, -1, -1, -1, -1, -1, -1, 1, -1, -1, -1, -1, -1, 1, -1, -1, -1, 1, -1, -1, 1, -1, 1, -1, -1, -1, -1, -1, -1, -1, -1, -1, -1, 1, 1, -1, -1, -1, 1, -1]	-466.25
Time limit: 3.000000
{'qpu_access_time': 108534, 'charge_time': 2992782, 'run_time': 2992782, 'problem_id': '25b67f58-a9e7-4bae-92c1-46a3a92151d5'}
[-1, 1, 1, -1, 1, 1, 1, 1, -1, -1, 1, 1, -1, -1, -1, -1, 1, 1, 1, -1, 1, 1, -1, -1, -1, 1, 1, -1, -1, 1, 1, 1, -1, -1, -1, -1, -1, 1, -1, 1, 1, -1, -1, -1, -1, -1, 1, -1, 1, -1, 1, -1, -1, 1, 1, -1, -1, 1, -1, -1, -1, -1, -1, -1, -1, -1, 1, -1, -1, -1, -1, -1, -1, -1, -1, -1, -1, -1, -1, -1, -1, -1, -1, -1, -1, -1, 1, -1, -1, 1, -1, 1, -1, -1, -1, 1, -1, -1, -1, -1, -1, -1, -1, -1, -1, -1, 1, -1, -1, -1, 1, -1, -1, 1, 1]	-466.25
Time limit: 3.000000
{'qpu_access_time': 154890, 'charge_time': 2994828, 'run_time': 2994828, 'problem_id': '363f40a2-6143-4e8e-9384-b273f68a182f'}
[1, 1, -1, 1, -1, -1, -1, 1, -1, 1, -1, 1, 1, -1, -1, 1, -1, 1, 1, -1, 1, 1, 1, 1, -1, -1, 1, -1, -1, 1, 1, 1, -1, 1, -1, -1, -1, -1, -1, -1, -1, -1, -1, -1, -1, 1, -1, -1, -1, -1, -1, -1, -1, -1, -1, -1, 1, -1, -1, -1, -1, -1, -1, -1, 1, -1, -1, -1, 1, -1, -1, 1, -1, -1, 1, -1, -1, -1, -1, -1, -1, -1, -1, -1, -1, 1, -1, -1, -1, 1, -1, 1, -1, -1, -1, 1, -1, 1, -1, 1, -1, -1, -1, -1, -1, -1, 1, -1, -1, -1, 1, -1, -1, -1, 1]	-466.25
Time limit: 3.000000
{'qpu_access_time': 187435, 'charge_time': 2998119, 'run_time': 2998119, 'problem_id': '5ce947c1-077c-40be-a829-9879f73ce4b1'}
[-1, 1, 1, 1, -1, 1, -1, 1, -1, 1, -1, 1, -1, 1, 1, -1, 1, -1, 1, -1, -1, -1, 1, 1, -1, -1, -1, 1, 1, -1, 1, 1, 1, -1, -1, -1, -1, 1, -1, -1, -1, 1, -1, 1, -1, 1, -1, -1, -1, -1, -1, 1, -1, -1, -1, -1, 1, -1, -1, -1, -1, -1, -1, 1, -1, -1, -1, -1, -1, 1, 1, -1, -1, -1, -1, -1, -1, -1, 1, -1, -1, 1, -1, -1, -1, -1, -1, -1, -1, -1, -1, -1, -1, -1, -1, -1, -1, -1, -1, -1, -1, -1, -1, -1, -1, -1, -1, 1, -1, 1, -1, -1, 1, 1, -1]	-466.25
Time limit: 3.000000
{'qpu_access_time': 196030, 'charge_time': 2990728, 'run_time': 2990728, 'problem_id': '7d3c5ca1-2631-4ef9-82d4-117daf77fadf'}
[1, -1, 1, 1, -1, -1, 1, -1, -1, 1, 1, -1, 1, 1, 1, -1, -1, 1, 1, -1, -1, 1, -1, 1, -1, 1, -1, 1, -1, 1, 1, -1, 1, -1, 1, -1, -1, -1, -1, -1, 1, -1, -1, -1, 1, -1, -1, -1, -1, -1, -1, -1, -1, -1, -1, -1, -1, -1, -1, -1, -1, -1, 1, -1, 1, -1, -1, 1, -1, -1, -1, -1, 1, -1, 1, -1, -1, -1, -1, 1, -1, 1, -1, -1, -1, -1, -1, -1, 1, -1, -1, -1, -1, -1, -1, -1, -1, -1, -1, -1, -1, 1, -1, -1, -1, -1, -1, -1, -1, -1, -1, 1, 1, 1, -1]	-466.25
Time limit: 3.000000
{'qpu_access_time': 147720, 'charge_time': 2994169, 'run_time': 2994169, 'problem_id': 'cf595239-2a83-4ca5-b3c2-70a36b6dd383'}
[1, -1, 1, 1, -1, -1, 1, -1, 1, -1, 1, -1, -1, 1, 1, -1, 1, 1, -1, 1, 1, -1, 1, 1, 1, 1, -1, -1, -1, -1, 1, 1, -1, -1, 1, -1, -1, -1, -1, -1, -1, 1, -1, -1, 1, -1, -1, -1, -1, -1, -1, -1, -1, -1, -1, -1, -1, -1, -1, 1, -1, 1, -1, -1, -1, 1, -1, -1, -1, -1, -1, -1, -1, -1, -1, -1, 1, -1, -1, -1, -1, -1, 1, -1, -1, -1, 1, 1, -1, 1, -1, -1, -1, 1, -1, 1, -1, -1, -1, -1, 1, 1, -1, -1, -1, -1, -1, -1, -1, -1, -1, -1, -1, -1, 1]	-466.25
Time limit: 3.000000
{'qpu_access_time': 108796, 'charge_time': 2998634, 'run_time': 2998634, 'problem_id': '0eb9547e-d02b-4b00-8e01-2e2226dbba7d'}
[1, -1, 1, -1, -1, 1, 1, 1, 1, 1, -1, 1, -1, -1, -1, -1, -1, 1, 1, 1, 1, -1, 1, -1, 1, 1, -1, 1, -1, 1, 1, -1, -1, -1, 1, -1, 1, -1, -1, -1, -1, 1, -1, -1, -1, -1, -1, -1, -1, -1, -1, -1, 1, 1, 1, -1, -1, 1, 1, -1, -1, -1, -1, -1, 1, -1, -1, -1, -1, -1, -1, -1, -1, -1, -1, -1, -1, -1, -1, -1, -1, -1, -1, -1, -1, -1, -1, -1, 1, -1, 1, 1, 1, -1, -1, 1, -1, -1, -1, -1, -1, -1, -1, -1, -1, -1, -1, -1, -1, -1, -1, -1, -1, 1, -1]	-466.25
Time limit: 3.000000
{'qpu_access_time': 116179, 'charge_time': 2995209, 'run_time': 2995209, 'problem_id': 'c6fa4038-b3fe-4a90-81f8-3ec928b46f98'}
[1, 1, -1, 1, -1, -1, -1, 1, -1, 1, -1, 1, 1, -1, 1, -1, -1, 1, -1, 1, 1, 1, 1, 1, -1, -1, 1, -1, 1, -1, 1, 1, -1, 1, -1, -1, -1, -1, -1, -1, -1, -1, -1, -1, -1, 1, -1, -1, -1, -1, -1, -1, -1, -1, -1, -1, 1, -1, -1, -1, -1, -1, -1, -1, 1, -1, -1, -1, 1, -1, 1, -1, -1, -1, -1, 1, -1, -1, -1, -1, -1, -1, 1, -1, -1, -1, -1, -1, -1, 1, -1, -1, -1, 1, -1, 1, -1, 1, -1, 1, -1, -1, -1, -1, -1, -1, -1, -1, -1, 1, -1, -1, -1, 1, -1]	-466.25
Time limit: 3.000000
{'qpu_access_time': 156071, 'charge_time': 2996883, 'run_time': 2996883, 'problem_id': 'ff209fdb-c45e-43c6-8f63-7173243a6298'}
[1, -1, 1, 1, -1, -1, 1, -1, 1, 1, -1, 1, -1, -1, -1, -1, -1, 1, 1, 1, 1, -1, 1, 1, 1, 1, -1, 1, -1, 1, 1, -1, -1, -1, 1, -1, -1, -1, -1, -1, -1, 1, -1, -1, 1, -1, -1, -1, -1, -1, -1, -1, -1, -1, 1, -1, -1, -1, 1, -1, -1, -1, -1, -1, 1, -1, -1, -1, -1, -1, -1, -1, -1, -1, -1, -1, -1, -1, -1, -1, -1, -1, -1, -1, -1, -1, -1, -1, 1, -1, 1, 1, 1, -1, -1, 1, -1, -1, -1, -1, 1, 1, -1, -1, -1, -1, -1, -1, -1, -1, -1, -1, -1, -1, -1]	-466.25
Time limit: 3.000000
{'qpu_access_time': 29364, 'charge_time': 2996571, 'run_time': 2996571, 'problem_id': '6fad9824-8a0a-4df0-a2ca-28bb74999e9a'}
[1, -1, 1, 1, -1, -1, 1, -1, -1, 1, 1, -1, 1, 1, 1, -1, 1, -1, -1, -1, 1, 1, -1, 1, -1, 1, -1, 1, 1, -1, -1, 1, 1, -1, 1, -1, -1, -1, -1, -1, 1, -1, -1, -1, 1, -1, -1, -1, -1, -1, -1, -1, -1, -1, -1, -1, -1, -1, -1, -1, -1, -1, 1, 1, -1, -1, -1, 1, -1, -1, -1, -1, 1, 1, -1, -1, -1, -1, 1, -1, -1, -1, 1, -1, -1, -1, -1, -1, -1, -1, -1, -1, -1, -1, -1, -1, 1, -1, -1, -1, -1, 1, -1, -1, 1, -1, -1, 1, -1, -1, -1, -1, -1, 1, -1]	-466.25
