      1 0010111101100000000010000111101000000
      1 0011011010110000000100100010010001010
      2 0011101110010000000101011000010100000
      1 0011110001110000000011100100000000110
      1 0011111010010000000101101010010000000
      2 0101001111100000001000010000101011000
      1 0101100111010000000001011000000110100
      1 0101101101100000001001010100101000000
      1 0101101110010000001001011000010100000
      1 0101110001110000010001100100000000110
      1 0101110011010000010001101000000010100
      2 0110101101100000101010000100101000000
      2 0110110101010000110010000001000100100
      1 0110110101100000110010000101001000000
      4 0110110110010000110100001001000100000
      1 0111001101100000101010010000101000000
      2 0111001110010000101100010000010100000
      1 0111001110100000101100010000001001000
      1 0111010001110000110010100000000000110
      1 0111100101010000100011010000000100100
      1 0111101001100000101011000100100000000
      2 0111101100100000101001010100001000000
      1 0111101101000000101011010000100000000
      2 0111101110000000101101011000000000000
      1 0111110000110000110001100100000000010
      1 1000111101100001000000000111101000000
      1 1000111111000001000000001011100010000
      3 1001001111100010000000010000101011000
      3 1001010011110010000000100000000011110
      1 1010011101100100000010000011101000000
      1 1010011110100100000100000011001001000
      2 1010101101100101000010000100101000000
      1 1010101110010101000100001000010100000
      1 1010110001110101000010000100000000110
      3 1010111000110101000000000110010000010
      1 1010111010010101000100001010010000000
      1 1010111100010101000000000011010100000
      2 1010111100100101000000000111001000000
      1 1010111101100101000010000111101000001
      1 1011001010110110000100000000010001010
      2 1011001101100110000010010000101000000
      1 1011001110010110000100010000010100000
      2 1011010010110110000100100000000001010
      1 1011011000110110000000100010010000010
      1 1011011001100110000010100010100000000
      1 1011011010100110000100100010000001000
      1 1011011010110110000100100010010001011
      1 1100001111101000001000000000101011000
      1 1100010111101000010000000001001011000
      1 1100101110011001001000001000010100000
      1 1100101111001001001000001000100010000
      1 1100110001111001010000000100000000110
      2 1100110011011001010000001000000010100
      2 1100110110011001010000001001000100000
      1 1100110111001001010000001001000010000
      1 1101001010111010001000000000010001010
      1 1101001101101010001000010000101000000
      1 1101001110011010001000010000010100000
      1 1101010011111010010000100000000011111
