-2.500000
-2.500000
-2.500000
-2.500000
-3.000000
-3.000000
-2.500000
-2.500000
-3.000000
-2.500000
-3.000000
-3.000000
-3.000000
-3.500000
-2.500000
-3.000000
-2.500000
-2.500000
-2.500000
-3.000000
-2.500000
-2.500000
-2.500000
-2.500000
-3.000000
-2.500000
-3.000000
-2.500000
-3.000000
-3.000000
-2.500000
-2.500000
-2.500000
13.500000
13.500000
14.250000
14.250000
13.500000
14.250000
14.250000
13.500000
13.500000
14.250000
14.250000
13.500000
13.500000
14.250000
15.375000
15.375000
15.375000
14.250000
14.250000
14.250000
13.500000
14.250000
14.250000
13.500000
13.500000
14.250000
14.250000
15.375000
15.375000
14.250000
13.500000
13.500000
14.250000
14.250000
14.250000
15.375000
15.375000
14.250000
14.250000
15.375000
14.250000
14.250000
14.250000
15.375000
15.375000
15.375000
15.375000
14.250000
13.500000
13.500000
14.250000
14.250000
14.250000
13.500000
14.250000
13.500000
13.500000
14.250000
13.500000
14.250000
14.250000
14.250000
13.500000
13.500000
13.500000
14.250000
14.250000
14.250000
13.500000
15.375000
15.375000
14.250000
14.250000
15.375000
13.500000
15.375000
14.250000
14.250000
14.250000
13.500000
-12.250000
-24.500000
