-3.250000
-3.250000
-3.250000
-3.250000
-3.750000
-3.750000
-3.250000
-3.250000
-3.750000
-3.250000
-3.750000
-3.750000
-3.750000
-4.250000
-3.250000
-3.750000
-3.250000
-3.250000
-3.250000
-3.750000
-3.250000
-3.250000
-3.250000
-3.250000
-3.750000
-3.250000
-3.750000
-3.250000
-3.750000
-3.750000
-3.250000
-3.250000
-3.250000
13.750000
13.750000
14.250000
14.250000
13.750000
14.250000
14.250000
13.750000
13.750000
14.250000
14.250000
13.750000
13.750000
14.250000
15.000000
15.000000
15.000000
14.250000
14.250000
14.250000
13.750000
14.250000
14.250000
13.750000
13.750000
14.250000
14.250000
15.000000
15.000000
14.250000
13.750000
13.750000
14.250000
14.250000
14.250000
15.000000
15.000000
14.250000
14.250000
15.000000
14.250000
14.250000
14.250000
15.000000
15.000000
15.000000
15.000000
14.250000
13.750000
13.750000
14.250000
14.250000
14.250000
13.750000
14.250000
13.750000
13.750000
14.250000
13.750000
14.250000
14.250000
14.250000
13.750000
13.750000
13.750000
14.250000
14.250000
14.250000
13.750000
15.000000
15.000000
14.250000
14.250000
15.000000
13.750000
15.000000
14.250000
14.250000
14.250000
13.750000
-12.750000
-25.500000
