-2.000000
-2.000000
-2.000000
-2.000000
-2.250000
-2.250000
-2.000000
-2.000000
-2.250000
-2.000000
-2.250000
-2.250000
-2.250000
-2.500000
-2.000000
-2.250000
-2.000000
-2.000000
-2.000000
-2.250000
-2.000000
-2.000000
-2.000000
-2.000000
-2.250000
-2.000000
-2.250000
-2.000000
-2.250000
-2.250000
-2.000000
-2.000000
-2.000000
12.000000
12.000000
12.500000
12.500000
12.000000
12.500000
12.500000
12.000000
12.000000
12.500000
12.500000
12.000000
12.000000
12.500000
13.250000
13.250000
13.250000
12.500000
12.500000
12.500000
12.000000
12.500000
12.500000
12.000000
12.000000
12.500000
12.500000
13.250000
13.250000
12.500000
12.000000
12.000000
12.500000
12.500000
12.500000
13.250000
13.250000
12.500000
12.500000
13.250000
12.500000
12.500000
12.500000
13.250000
13.250000
13.250000
13.250000
12.500000
12.000000
12.000000
12.500000
12.500000
12.500000
12.000000
12.500000
12.000000
12.000000
12.500000
12.000000
12.500000
12.500000
12.500000
12.000000
12.000000
12.000000
12.500000
12.500000
12.500000
12.000000
13.250000
13.250000
12.500000
12.500000
13.250000
12.000000
13.250000
12.500000
12.500000
12.500000
12.000000
-11.250000
-22.500000
