-2.500000
-2.500000
-2.500000
-2.500000
-3.000000
-3.000000
-2.500000
-2.500000
-3.000000
-2.500000
-3.000000
-3.000000
-3.000000
-3.500000
-2.500000
-3.000000
-2.500000
-2.500000
-2.500000
-3.000000
-2.500000
-2.500000
-2.500000
-2.500000
-3.000000
-2.500000
-3.000000
-2.500000
-3.000000
-3.000000
-2.500000
-2.500000
-2.500000
15.500000
15.500000
16.250000
16.250000
15.500000
16.250000
16.250000
15.500000
15.500000
16.250000
16.250000
15.500000
15.500000
16.250000
17.375000
17.375000
17.375000
16.250000
16.250000
16.250000
15.500000
16.250000
16.250000
15.500000
15.500000
16.250000
16.250000
17.375000
17.375000
16.250000
15.500000
15.500000
16.250000
16.250000
16.250000
17.375000
17.375000
16.250000
16.250000
17.375000
16.250000
16.250000
16.250000
17.375000
17.375000
17.375000
17.375000
16.250000
15.500000
15.500000
16.250000
16.250000
16.250000
15.500000
16.250000
15.500000
15.500000
16.250000
15.500000
16.250000
16.250000
16.250000
15.500000
15.500000
15.500000
16.250000
16.250000
16.250000
15.500000
17.375000
17.375000
16.250000
16.250000
17.375000
15.500000
17.375000
16.250000
16.250000
16.250000
15.500000
-14.250000
-28.500000
