1011001010100110110110111100001100100000010010000000000000010100010000000000100000100011010001010000110000000000001
1101001010001010110011110110100111000010000010000000000000001000000000000100000000100010010000001101010010000000000
1010011110100110111000101100001110101000010000000000110001010100010000000000100001000010010000000000000000000000110
0111101001010000011110111101100010000100011010001000001000000000100000000000000000000000101100101000110110000000011
0110111101001010100010110001111100000100010000100001010010000001000000000100000000100000000000010000000000011110010
1010011111001010010110101110001100101000010000000000110001101000100000000001000000100000010001010001001000000000011
0111011000110100111010110100100110000101010110000001001000000000010001000000001000000010010100001000010010000000011
0111010110010010111000110001111010000110010101000001000010000000000000100000000001000010100000000000000000001101101
1101000110010010110111101110001101000010000001000000000001000000000000100000000000100011010001010111001000000000001
0111101001001001011011010111010010000100101010000000000100000000100000000010000000010000100100001000010001100001001
1010101101101010011001010010101110110000100000000000010010000010101000000010000001000000010000000000000000000100100
1010101101100110100111001101001100110000100000000100010001000011000100000000100000100001000001010010000000010000011
0111010101010110101001000111001110000100100101000010000001000001000001100000010001000000000000000000000001010000110
1010011111000101101010110001100110101000010000000001010110100101000000000000001000001000000100001000000000010000001
1011000111010001011111010011100010100000100001000000000010100000100000010000000000001000101100101000000001000000010
1100011101011000011011100101110011001000000000000010011001000000100010000010000000000000100100001100000010001001011
1011000111010001101010111001011100100000010001000000000010100001000000010000000000000100000100010000100000010010000
1011000111010010101001001111001110100000100001000000000001100001000000100000000001000000000000000010001001010000100
1101000110000111110111101101000011000010000001000000000001000100000000000000100010110011100000101110000000000000011
1101000101011010100011110001111101000000000001000000000010000001000010100100000000100000000000010100000000011110010
0111101010000001111011010111010010000110101010010000000100000000000000000000000000010010100100001000010001100001011
1100101101000110100111110001101101010000000000000100010010000001000000000000001000100001000001010100000000010100010
1011001001111000011010111100100110100000010010000000001000000010110010000010000000000000010100001000110110000000011
1101001001010100011111110101011001000000000010000000001000000000100001000000000100000000101110010100010000000000000
1011001011001010011000111101011010100000010010000000000000101000100000000010000001000000100000000000110000000001100
1100101110000001111011110010100111010010000000010000010110000000000000000000000000001010010100001101000000000000010
1100101110000010111001110010101111010010000000010000010010000000000000000000000001000010010000000101000000000100100
0111010101010110011100101101001010000100010101000000100001000000100001100000100001000000101000100000000000000000101
0111101000110000111010111100100110000101011010001000001000000000010000000000000000000010010100001000110110000000011
1011001010101010110011010101110010100000100010000000000000011000000100000100000000100010100000001000010010001001001
1100101110000001111011110001110011010010000000010000010110000000000000000000000000001010100100001100000000001001001
1010011111000110011100101101001010101000010000000000110001100100100000000000100001000000101000100000000000000000101
1011000110110010110111001110001100100000100001000000000001010000001000100000000000100011010001010010001000000000001
0111101000101010110011010110100110000101101010000000000000000000001000000100000000100010010000001000010010000000000
1010011110101010110011000110100110101000100000000010010001011000001000000100000000100010010000001000000010000000001
0111101001000101011110111101000010000100011010000100000100000000100000000000100000010000101100101000110000000000011
1101000110000111110111110001011001000010000001000000000010000100000000000000000110100111100010010100000000000000001
0111101001001010010111010111100010000100101010000000000000000000100000000001000000100000100000101000010011000000000
1011001010101010110010111100100110100000010010000000000000011000010000000100000000100010010000001000110110000000001
0111011010010000111010110110100110000110010110000001001000000000000000000000000000000010010100001001010010000000010
1100101101000101011111101101000011010000000000000100010101000000100000000000100000010000101100101110000000000000011
0111100101001011010111010011100010000100101001000000000010000000100000000001000010101000100000101000000001000000010
0111010101001111010110110001100010000100010101000001000010000000100000001001001010101000100000101000000000000000011
1100101110000010111001101110001111010010000000010000010001000000000000000000000001000010010000000111001000000000110
0111010110010001111010110010100110000110010101000001000010000000000000010000000000001010010100001001000000000000010
1101000101001111100011101101000111000000000001000000000001000001000000001100100010110000000000001110000000010000010
1101000110000111110111110010001101000010000001000000000010000100000000000000010010100111010001010101000000000000011
1101000100110110110111101100001101000001000001000000000001000000010001100000100000100011010001010110000000000000011
1011001011001010100010111101100110100000010010000000000000101001000000000100000000100000000000001000110110010000010
1101000101001111100011110001011101000000000001000000000010000001000000001100000110100100000000010100000000010010010
