-3.000000
-3.000000
-3.000000
-3.000000
-3.750000
-3.750000
-3.000000
-3.000000
-3.750000
-3.000000
-3.750000
-3.750000
-3.750000
-4.500000
-3.000000
-3.750000
-3.000000
-3.000000
-3.000000
-3.750000
-3.000000
-3.000000
-3.000000
-3.000000
-3.750000
-3.000000
-3.750000
-3.000000
-3.750000
-3.750000
-3.000000
-3.000000
-3.000000
14.000000
14.000000
14.500000
14.500000
14.000000
14.500000
14.500000
14.000000
14.000000
14.500000
14.500000
14.000000
14.000000
14.500000
15.250000
15.250000
15.250000
14.500000
14.500000
14.500000
14.000000
14.500000
14.500000
14.000000
14.000000
14.500000
14.500000
15.250000
15.250000
14.500000
14.000000
14.000000
14.500000
14.500000
14.500000
15.250000
15.250000
14.500000
14.500000
15.250000
14.500000
14.500000
14.500000
15.250000
15.250000
15.250000
15.250000
14.500000
14.000000
14.000000
14.500000
14.500000
14.500000
14.000000
14.500000
14.000000
14.000000
14.500000
14.000000
14.500000
14.500000
14.500000
14.000000
14.000000
14.000000
14.500000
14.500000
14.500000
14.000000
15.250000
15.250000
14.500000
14.500000
15.250000
14.000000
15.250000
14.500000
14.500000
14.500000
14.000000
-12.750000
-25.500000
