1000000000000000000000000000000000001
0000000100000000000000000000000000001
0000000001000000000000000000000000001
0010000000000000000000000000000000001
0100000000000000000000000000000000001
0000000010000000000000000000000000001
0100000000000000000000000000000000001
0001000000000000000000000000000000001
0000000000000000000000000000000000000
0100000000000000000000000000000000001
0001000000000000000000000000000000001
0000000000010000000000000000000000001
0010000000000000000000000000000000001
0001000000000000000000000000000000001
0000000000100000000000000000000000001
0000000000100000000000000000000000001
0001000000000000000000000000000000001
0001000000000000000000000000000000001
0001000000000000000000000000000000001
0000010000000000000000000000000000001
0001000000000000000000000000000000001
0000100000000000000000000000000000001
0001000000000000000000000000000000001
0000001000000000000000000000000000001
1000000000000000000000000000000000001
0000000000100000000000000000000000001
0000000000010000000000000000000000001
0000000010000000000000000000000000001
0000100000000000000000000000000000001
0000000100000000000000000000000000001
0000001000000000000000000000000000001
0100000000000000000000000000000000001
0000000010000000000000000000000000001
0000000010000000000000000000000000001
1000000000000000000000000000000000001
0100000000000000000000000000000000001
0000000000010000000000000000000000001
0000000000100000000000000000000000001
0000001000000000000000000000000000001
0000000001000000000000000000000000001
0000000000000000000000000000000000000
0000000000100000000000000000000000001
0000100000000000000000000000000000001
0000100000000000000000000000000000001
1000000000000000000000000000000000001
0000000001000000000000000000000000001
0000000010000000000000000000000000001
0000000100000000000000000000000000001
0000000100000000000000000000000000001
0000000000000000000000000000000000000
0000000001000000000000000000000000001
0000001000000000000000000000000000001
0000100000000000000000000000000000001
0100000000000000000000000000000000001
0100000000000000000000000000000000001
0000000010000000000000000000000000001
0001000000000000000000000000000000001
0000000000000000000000000000000000000
0000010000000000000000000000000000001
0000000001000000000000000000000000001
1000000000000000000000000000000000001
0000100000000000000000000000000000001
0000000100000000000000000000000000001
0100000000000000000000000000000000001
