     17 0000000000000000000000000000000000000
     19 0000000000010000000000000000000000001
     20 0000000000100000000000000000000000001
     19 0000000001000000000000000000000000001
     22 0000000010000000000000000000000000001
     21 0000000100000000000000000000000000001
     20 0000001000000000000000000000000000001
     14 0000010000000000000000000000000000001
     21 0000100000000000000000000000000000001
     20 0001000000000000000000000000000000001
     15 0010000000000000000000000000000000001
     20 0100000000000000000000000000000000001
     15 1000000000000000000000000000000000001
