0110111101000101101011000111000110000100100000100110010101000001000000000000010000010000000100001000000001010000001
0111101000100110110111010101100010000101101010000100000000000000000100000000001000100011100000101000010010000000011
1101000101011010100011110001111101000000000001000000000010000001000010100100000000100000000000010100000000011110010
0111010110010001111010101101010010000110010101000000100001000000000000010000000000010010100100001000000000000001010
1100101110000010110111101101011001010010000000010000010001000000000000000000000000100011100010010110000000000000010
1010101101101001011010111000011100110000010000000000010110000010110000000010000000000100010100010000100000000010011
0110111100101010110011000110011100000101100000100010010001000000001000000100000000100010010000010000000000100010001
0111010110000111111000110010001110000110010101000001000010000100000000000000010011000110010000000001000000000000111
0111011001001110100010110101100110000100010110000001000000000001000000001100001000100000000000001000010010010000010
1100101110000010111001101101011011010010000000010000010001000000000000000000000001000010100000000110000000000001100
1011001010100101111011010101010010100000100010000000000100010100000100000000000100010010100100001000010000000001001
1101000101011010100011101101100111000000000001000000000001000001000010100100000000100000000000001110000110010000010
0110111101010000011110101101011000000100010000101000111001000000100000000000000000000000101110010000000000000000010
1101000101011001011011101110000111000000000001000000000001000000100010010010000000010000010100001111001000000000001
0110111100100110110111000101011000000101100000100110010001000000000100000000000100100011100010010000000000000000011
1011000110100111110111010001011000100000100001000000000010010100000100000000000110100111100010010000000000000000011
1100011101001101011011100110000111001000000000000010010101000000100000001010010000010000010100001101000000000000011
1011001011010000011110111101100010100000010010000000001000100000100000000000000000000000101100101000110110000000001
0111101010000010111000111110001110000110011010010000000000000000000000000000000001000010010000000001111000000000110
1100101101000110011101110001101011010000000000000100010010000000100000000000001001000000101000100100000000000100110
1101000101011010011001101101011011000000000001000000000001000000100010100010000001000000100000000110000000000001100
0111011010000110110110110110001100000110010110000001000000000100000000000000010000100011010001010001010000000000011
1010101111000001101011010011011100110000100000010000010110100001000000000000000000000100000100010000000001110010011
1011001011001010010111010111100010100000100010000000000000101000100000000001000000100000100000101000010011000000010
0111101000110000111010111100011100000101011010001000001000000000010000000000000000000010010100010000110000000010001
1011000101101111011001010010001110100000100001000000000010000010101000001010010011000100010000000000000000000000101
1100101100101010110011101100011101010001000000000000010001000000010000000100000000100010010000010110000000000010010
1010101101110000011111010010101100110000100000001000011010000010101000000000000000000000011101010000000000000100011
1010011110110000111010101100011100101000010000000000111001010000010000000000000000000010010100010000000000000010010
0110111110000010111000110001111010000110010000110001010010000000000000000000000001000010100000000000000000001101101
1101000101011001011011110001110011000000000001000000000010000000100010010010000000001000100100001100000000001001010
1101000101011010010111110001111001000000000001000000000010000000100010100001000000100000100010010100000000001100010
0111100101010010101001010011101110000100101001001000000010000001000000100000000001000000000000000000000001010100100
0111101000100101111010111100000110000101011010000100000100000000010000000000100000010010010100001000110000000000011
0111011001001110100010110101100110000100010110000001000000000001000000001100001000100000000000001000010010010000010
0110111101010000101010101101011100000100010000101000111001000001000000000000000000000000000100010000000000010010000
0111100100110001111011010010011100000101101001001000000010000000001000010000000000000110010100010000000000100010011
1011000110110010111001001101011010100000100001000000000001010000000100100000000001000010100000000010000000000001100
1100101110000001111011101101010011010010000000010000010101000000000000000000000000010010100100001110000000000001001
0111011001001110010110110101100010000100010110000001000000000000100000001001001000100000100000101000010010000000001
1010101111000010101001001111001110110000100000010000010001100001000000000000000001000000000000000010001001010000110
0111100101010001011111010011100010000100101001001000000010000000100000010000000000001000101100101000000001000000001
0110111101001001011010110001110010000100010000100001010110000000100000000010000000001000100100001000000000001001001
1011001001110100011111010110001100100000100010000000001000000010101001000000010000000000011101010000010000000000001
0110111100100110111001000101011010000101100000100110010001000000000100000000000101000010100000000000000000000001101
1011001010110000111010111100100110100000010010000000001000010000010000000000000000000010010100001000110110000000010
1011000110101011110011010010100110100000100001000000000010011000001000000100000010101010010000001000000000000000010
0110111101000110100110101101001100000100010000100100110001000001000000000000100000100001000001010000000000010000010
0111010100110110111001000101011010000101100101000010000001000000000101100000000101000010100000000000000000000001111
1101001000101110110011110100100111000001000010000000000000000000010000001100001000100010010000001100010010000000010
