-2.500000
-2.500000
-2.500000
-2.500000
-3.000000
-3.000000
-2.500000
-2.500000
-3.000000
-2.500000
-3.000000
-3.000000
-3.000000
-3.500000
-2.500000
-3.000000
-2.500000
-2.500000
-2.500000
-3.000000
-2.500000
-2.500000
-2.500000
-2.500000
-3.000000
-2.500000
-3.000000
-2.500000
-3.000000
-3.000000
-2.500000
-2.500000
-2.500000
7.375000
7.375000
7.875000
7.875000
7.375000
7.875000
7.875000
7.375000
7.375000
7.875000
7.875000
7.375000
7.375000
7.875000
8.625000
8.625000
8.625000
7.875000
7.875000
7.875000
7.375000
7.875000
7.875000
7.375000
7.375000
7.875000
7.875000
8.625000
8.625000
7.875000
7.375000
7.375000
7.875000
7.875000
7.875000
8.625000
8.625000
7.875000
7.875000
8.625000
7.875000
7.875000
7.875000
8.625000
8.625000
8.625000
8.625000
7.875000
7.375000
7.375000
7.875000
7.875000
7.875000
7.375000
7.875000
7.375000
7.375000
7.875000
7.375000
7.875000
7.875000
7.875000
7.375000
7.375000
7.375000
7.875000
7.875000
7.875000
7.375000
8.625000
8.625000
7.875000
7.875000
8.625000
7.375000
8.625000
7.875000
7.875000
7.875000
7.375000
-6.375000
-12.750000
