0111101000101010110011010110100110000101101010000000000000000000001000000100000000100010010000001000010010000000010
1101000101011010100011110001111101000000000001000000000010000001000010100100000000100000000000010100000000011110001
0111100101001011010110111001011000000100011001000000000010000000100000000001000010100100100010010000100000000000001
1011000111001011100011010011100110100000100001000000000010101001000000000100000010101000000000001000000001010000001
1011000101111010010111001101011000100000100001000000000001000010100110100001000000100000100010010010000000000000011
1010011111010000011110101101011000101000010000000000111001100000100000000000000000000000101110010000000000000000001
1101000101010101011111110001100011000000000001000000000010000000100001010000001000001000101100101100000000000000001
1101000101011001011011110001110011000000000001000000000010000000100010010010000000001000100100001100000000001001001
1011001010110000111010111100100110100000010010000000001000010000010000000000000000000010010100001000110110000000001
0111101001010000011111010111011000000100101010001000001000000000100000000000000000000000101110010000010001100000011
1101000101011010100011110001111101000000000001000000000010000001000010100100000000100000000000010100000000011110001
1100101110000010111001101101011011010010000000010000010001000000000000000000000001000010100000000110000000000001110
1101000101010101011111101101000011000000000001000000000001000000100001010000100000010000101100101110000000000000011
1011001010110000111011010110100110100000100010000000001000010000001000000000000000000010010100001000010010000000000
1011000101111010010111010010101100100000100001000000000010000010101010100001000000100000010001010000000000000100011
0111011010010000111010110110011100000110010110000001001000000000000000000000000000000010010100010001010000100010011
0111100100100111111001010010001110000101101001000100000010000000001000000000010011000110010000000000000000000000111
1010011111000110101001000111001110101000100000000010010001100101000000000000010001000000000000000000000001010000101
1101000101010110011101110001101011000000000001000000000010000000100001100000001001000000101000100100000000000100101
1010011101101110011001000110001110101000100000000010010001000010101000001010010001000000010000000000000000000000111
1101000110010001111011101101010011000010000001000000000001000000000000010000000000010010100100001110000000000001010
1011000110110010111001001101011010100000100001000000000001010000000100100000000001000010100000000010000000000001110
1011000111000111101000111001001110100000010001000000000010100101000000000000100011000100000000000000100000010000101
1010011111001010011000101110001110101000010000000000110001101000100000000010000001000000010000000001001000000000111
0111101001001010100011010111100110000100101010000000000000000001000000000100000000100000000000001000010011010000000
1101001001010100101011110101011101000000000010000000001000000001000001000000000100000000000100010100010000010010000
0111011001010100101010110101100110000100010110000001001000000001000001000000001000000000000100001000010010010000001
1011001011001010011000111101011010100000010010000000000000101000100000000010000001000000100000000000110000000001110
0111100101001011010111010011011000000100101001000000000010000000100000000001000010100100100010010000000001100000011
1011001001101110010111010101011000100000100010000000000000000010100100001001000100100000100010010000010000000000001
1011000101110101101011010001100110100000100001000000000010000011000101010000001000001000000100001000000000010000001
0111010101001111100010110001100110000100010101000001000010000001000000001100001010101000000000001000000000010000011
1011000110110001111010111000100110100000010001000000000010010000010000010000000000001010010100001000100100000000001
0111010101011010011000110010101110000100010101000001000010000000100010100010000001000000010000000001000000000100111
1100011101010100101011100101100111001000000000000010011001000001000001000000001000000000000100001100000010010000001
1101001001001110100011110101100111000000000010000000000000000001000000001100001000100000000000001100010010010000000
1101000100101111110011110000100111000001000001000000000010000000010000001100001010101010010000001100000000000000011
0111101001010000101010111101100110000100011010001000001000000001000000000000000000000000000100001000110110010000001
0111101000101010110011010110011100000101101010000000000000000000001000000100000000100010010000010000010000100010001
1101000101010101101011110001011101000000000001000000000010000001000001010000000100000100000100010100000000010010010
1101000101001111011001110010001111000000000001000000000010000000100000001010010011000100010000000101000000000000101
1101001001001110011001110110001111000000000010000000000000000000100000001010010001000000010000000101010000000000100
1011000110100111111001010010001110100000100001000000000010010100001000000000010011000110010000000000000000000000101
1100011101010100101011100101100111001000000000000010011001000001000001000000001000000000000100001100000010010000001
0110111100100110111001000101011010000101100000100110010001000000000100000000000101000010100000000000000000000001111
1011000111001011100011010011100110100000100001000000000010101001000000000100000010101000000000001000000001010000001
1011001011001010010110111110001100100000010010000000000000101000100000000001000000100000010001010001111000000000011
0110111101001010011000101101011010000100010000100000110001000000100000000010000001000000100000000000000000000001100
1010101101101001011011010010100110110000100000000000010110000010101000000010000000001000010100001000000000000000001
1101000110010010111001110010101111000010000001000000000010000000000000100000000001000010010000000101000000000100100
