1011001011010000011111010111011000100000100010000000001000100000100000000000000000000000101110010000010001100000001
1101000101001111010111101101000011000000000001000000000001000000100000001001100010110000100000101110000000000000011
0111101001000110100110111101001100000100011010000100000000000001000000000000100000100001000001010000110000010000001
0111011001001110100010110101100110000100010110000001000000000001000000001100001000100000000000001000010010010000001
1100101101010000011111110010101101010000000000001000011010000000100000000000000000000000011101010101000000000100011
1011000101101111100011010001100110100000100001000000000010000011000100001100001010101000000000001000000000010000011
1010011111000101101010110001100110101000010000000001010110100101000000000000001000001000000100001000000000010000011
1101001001011000011011110101110011000000000010000000001000000000100010000010000000000000100100001100010010001001001
0111011001010100101010110101100110000100010110000001001000000001000001000000001000000000000100001000010010010000001
1101001010010000111011110110011101000010000010000000001000000000000000000000000000000010010100010101010000100010010
1101001001011000011011110110011101000000000010000000001000000000100010000010000000000000010100010101010000100010001
0110111110000001111010101101010010000110010000110000110101000000000000000000000000010010100100001000000000000001011
1101000101010110100111101101001101000000000001000000000001000001000001100000100000100001000001010110000000010000001
1011000101111010010111001101011000100000100001000000000001000010100110100001000000100000100010010010000000000000011
1010101111000010101001001111001110110000100000010000010001100001000000000000000001000000000000000010001001010000101
0111101001001010100011010111011100000100101010000000000000000001000000000100000000100000000000010000010001110010010
1101001001010100011111110101100011000000000010000000001000000000100001000000001000000000101100101100010010000000001
1100101101001010010111101101011001010000000000000000010001000000100000000001000000100000100010010110000000000000000
1101000101010101011111101101000011000000000001000000000001000000100001010000100000010000101100101110000000000000011
1101000100110110111001110000101111000001000001000000000010000000010001100000001001000010010000000100000000000100101
0110111110000010110110101101011000000110010000110000110001000000000000000000000000100011100010010000000000000000001
1101000110010010111001110010101111000010000001000000000010000000000000100000000001000010010000000101000000000100100
0111010101001111100010101101000110000100010101000000100001000001000000001100100010110000000000001000000000010000011
1101000100110110111001101100001111000001000001000000000001000000010001100000100001000010010000000110000000000000101
1100101101010000101011110001111101010000000000001000011010000001000000000000000000000000000100010100000000011110001
1101001001001110010111110110001101000000000010000000000000000000100000001001010000100000010001010101010000000000010
1010101111000010101000111001101110110000010000010000010010100001000000000000000001000000000000000000100100010100101
0110111101010000101011000111011100000100100000101010011001000001000000000000000000000000000100010000000001110010011
1100101101001001011011101101010011010000000000000000010101000000100000000010000000010000100100001110000000000001001
1011000110100111111000111000001110100000010001000000000010010100010000000000100011000110010000000000100000000000111
1101001001001110010111110101100011000000000010000000000000000000100000001001001000100000100000101100010010000000010
1011001011010000101011010111100110100000100010000000001000100001000000000000000000000000000100001000010011010000000
1101000110010001111011110001110011000010000001000000000010000000000000010000000000001010100100001100000000001001010
1011000110110010111000111000101110100000010001000000000010010000010000100000000001000010010000000000100100000100101
1101001001001110011001110101011011000000000010000000000000000000100000001010000101000000100000000100010000000001100
1101001001010100011111110110001101000000000010000000001000000000100001000000010000000000011101010101010000000000001
1011001001101110011001010110001110100000100010000000000000000010101000001010010001000000010000000000010000000000110
1101000101001111100011101101000111000000000001000000000001000001000000001100100010110000000000001110000000010000001
1011001001101110011000111100001110100000010010000000000000000010110000001010100001000000010000000000110000000000101
0111100101001011100011010011100110000100101001000000000010000001000000000100000010101000000000001000000001010000010
0111101010000010110111010111011000000110101010010000000000000000000000000000000000100011100010010000010001100000011
1011001010110000111011010101110010100000100010000000001000010000000100000000000000000010100100001000010010001001001
1101001010010000111011110101110011000010000010000000001000000000000000000000000000000010100100001100010010001001010
1010011111000110101000110001101110101000010000000001010010100101000000000000001001000000000000000000000000010100101
1101000101001111010111110010001101000000000001000000000010000000100000001001010010100100010001010101000000000000011
1100101101000110100111101101001101010000000000000100010001000001000000000000100000100001000001010110000000010000001
1011000111001011100010111001011100100000010001000000000010101001000000000100000010100100000000010000100000010010011
1101000101010101101011101101000111000000000001000000000001000001000001010000100000010000000100001110000000010000010
1101000101001111011001110010001111000000000001000000000010000000100000001010010011000100010000000101000000000000101
1100101110000010111001110001111011010010000000010000010010000000000000000000000001000010100000000100000000001101101
