-2.500000
-2.500000
-2.500000
-2.500000
-3.000000
-3.000000
-2.500000
-2.500000
-3.000000
-2.500000
-3.000000
-3.000000
-3.000000
-3.500000
-2.500000
-3.000000
-2.500000
-2.500000
-2.500000
-3.000000
-2.500000
-2.500000
-2.500000
-2.500000
-3.000000
-2.500000
-3.000000
-2.500000
-3.000000
-3.000000
-2.500000
-2.500000
-2.500000
12.500000
12.500000
13.250000
13.250000
12.500000
13.250000
13.250000
12.500000
12.500000
13.250000
13.250000
12.500000
12.500000
13.250000
14.375000
14.375000
14.375000
13.250000
13.250000
13.250000
12.500000
13.250000
13.250000
12.500000
12.500000
13.250000
13.250000
14.375000
14.375000
13.250000
12.500000
12.500000
13.250000
13.250000
13.250000
14.375000
14.375000
13.250000
13.250000
14.375000
13.250000
13.250000
13.250000
14.375000
14.375000
14.375000
14.375000
13.250000
12.500000
12.500000
13.250000
13.250000
13.250000
12.500000
13.250000
12.500000
12.500000
13.250000
12.500000
13.250000
13.250000
13.250000
12.500000
12.500000
12.500000
13.250000
13.250000
13.250000
12.500000
14.375000
14.375000
13.250000
13.250000
14.375000
12.500000
14.375000
13.250000
13.250000
13.250000
12.500000
-11.250000
