1010011110100110111000101100001110101000010000000000110001010100010000000000100001000010010000000000000000000000110
0110111101000101101010110001011100000100010000100101010110000001000000000000000100000100000100010000000000010010001
1010011101101110011001000101011010101000100000000010010001000010100100001010000101000000100000000000000000000001111
0111101000101010110011010110100110000101101010000000000000000000001000000100000000100010010000001000010010000000000
1011000110101011110010111000100110100000010001000000000010011000010000000100000010101010010000001000100100000000011
0111010110010010110110110001111000000110010101000001000010000000000000100000000000100011100010010000000000001100011
1010011110100110111000110000101110101000010000000001010010010100010000000000001001000010010000000000000000000100101
0110111101000101101010110001011100000100010000100101010110000001000000000000000100000100000100010000000000010010001
1010101111000010100110111001101100110000010000010000010010100001000000000000000000100001000001010000100100010100011
1101001001011000011011110110100111000000000010000000001000000000100010000010000000000000010100001101010010000000000
0111010101011001011010101110000110000100010101000000100001000000100010010010000000010000010100001001001000000000011
0110111101001010011000110001111010000100010000100001010010000000100000000010000001000000100000000000000000001101110
1100101110000001111011110010100111010010000000010000010110000000000000000000000000001010010100001101000000000000010
0111101001010000101011010111011100000100101010001000001000000001000000000000000000000000000100010000010001110010010
1011001011001010011000111110001110100000010010000000000000101000100000000010000001000000010000000001111000000000110
1101000101010110100111110001101101000000000001000000000010000001000001100000001000100001000001010100000000010100010
1100101110000010111001101101011011010010000000010000010001000000000000000000000001000010100000000110000000000001100
1011000101110110011101001101001010100000100001000000000001000010100101100000100001000000101000100010000000000000111
1101000101001111010111110001100011000000000001000000000010000000100000001001001010101000100000101100000000000000010
0110111101010000011111000111100010000100100000101010011001000000100000000000000000000000101100101000000011000000011
1011000110110010110111010010101100100000100001000000000010010000001000100000000000100011010001010000000000000100010
1101000110010010111001110001111011000010000001000000000010000000000000100000000001000010100000000100000000001101100
0111101001010000011110111101100010000100011010001000001000000000100000000000000000000000101100101000110110000000011
0111010110010010110110101110001100000110010101000000100001000000000000100000000000100011010001010001001000000000011
1101000101011010010111101101100011000000000001000000000001000000100010100001000000100000100000101110000110000000001
1010011101101110100011000101100110101000100000000010010001000011000100001100001000100000000000001000000010010000011
1010101110100010110111010001111000110000100000010000010010010000000100000000000000100011100010010000000000001100011
1100101100100110111001101100001111010001000000000100010001000000010000000000100001000010010000000110000000000000110
1101000101010101101011101101000111000000000001000000000001000001000001010000100000010000000100001110000000010000000
1101001001011000011011110110100111000000000010000000001000000000100010000010000000000000010100001101010010000000000
1011000111010001011110111010001100100000010001000000000010100000100000010000000000000100011101010001101000000000011
1010011111010000011110110010101100101000010000000001011010100000100000000000000000000000011101010001000000000100011
1100101101010000101011110001111101010000000000001000011010000001000000000000000000000000000100010100000000011110010
1101000110010001111011101110000111000010000001000000000001000000000000010000000000010010010100001111001000000000010
1101001001010100011111110101011001000000000010000000001000000000100001000000000100000000101110010100010000000000000
1100101101010000101011101101100111010000000000001000011001000001000000000000000000000000000100001110000110010000010
1100101101001001011011110001110011010000000000000000010110000000100000000010000000001000100100001100000000001001010
1011001011001010100010111101011100100000010010000000000000101001000000000100000000100000000000010000110000010010000
0110111100100110110110101100001100000101010000100100110001000000010000000000100000100011010001010000000000000000011
1101001010000110110111110101011001000010000010000000000000000100000000000000000100100011100010010100010000000000000
0111100101001011011001010011011010000100101001000000000010000000100000000010000011000100100000000000000001100001101
1101000110001011110011101110000111000010000001000000000001001000000000000100000010110010010000001111001000000000011
0111101001000101101011010111000110000100101010000100000100000001000000000000010000010000000100001000010001010000010
1010011111000110101001000111001110101000100000000010010001100101000000000000010001000000000000000000000001010000110
1100011110000110110111100110001101001010000000000010010001000100000000000000010000100011010001010101000000000000011
0111101001001001011010111101010010000100011010000000000100000000100000000010000000010000100100001000110000000001010
1011000101111010011001010001111010100000100001000000000010000010100110100010000001000000100000000000000000001101111
1010011111000110011100101101001010101000010000000000110001100100100000000000100001000000101000100000000000000000101
0111101000100110111001010101011010000101101010000100000000000000000100000000000101000010100000000000010000000001110
0111010101010101011110101101000010000100010101000000100001000000100001010000100000010000101100101000000000000000011
