-2.500000
-2.500000
-2.500000
-2.500000
-3.000000
-3.000000
-2.500000
-2.500000
-3.000000
-2.500000
-3.000000
-3.000000
-3.000000
-3.500000
-2.500000
-3.000000
-2.500000
-2.500000
-2.500000
-3.000000
-2.500000
-2.500000
-2.500000
-2.500000
-3.000000
-2.500000
-3.000000
-2.500000
-3.000000
-3.000000
-2.500000
-2.500000
-2.500000
14.500000
14.500000
15.250000
15.250000
14.500000
15.250000
15.250000
14.500000
14.500000
15.250000
15.250000
14.500000
14.500000
15.250000
16.375000
16.375000
16.375000
15.250000
15.250000
15.250000
14.500000
15.250000
15.250000
14.500000
14.500000
15.250000
15.250000
16.375000
16.375000
15.250000
14.500000
14.500000
15.250000
15.250000
15.250000
16.375000
16.375000
15.250000
15.250000
16.375000
15.250000
15.250000
15.250000
16.375000
16.375000
16.375000
16.375000
15.250000
14.500000
14.500000
15.250000
15.250000
15.250000
14.500000
15.250000
14.500000
14.500000
15.250000
14.500000
15.250000
15.250000
15.250000
14.500000
14.500000
14.500000
15.250000
15.250000
15.250000
14.500000
16.375000
16.375000
15.250000
15.250000
16.375000
14.500000
16.375000
15.250000
15.250000
15.250000
14.500000
-13.250000
