10001111101101
10101111101001
11111100001010
11011100000010
11011100100010
11100110000010
00100011000010
00011010001010
00101111110001
01110000010000
01100000001000
01001111010001
11111001110110
01101010100010
11100000111100
11011100100110
11010110001110
10011001110010
01100000100100
00011100101110
11000110000110
11011111011101
01101111011001
01111111011001
11010110100010
10100000001100
01101100101010
10001001100110
00010011100010
11111100011010
10100000010000
10010011010110
00111100111010
10101001100010
00100110100010
11001100111010
10001001100110
11110110000110
10010011001110
10111111101001
10001111111101
10010110001010
11010011111010
10011010010010
00110101111010
01011010100010
11111001111010
00111001110110
11010011011110
01111010010110
01010011101010
11010011001010
00101010110010
00000110011110
10101100000010
01011111100001
10000110001110
10100011000110
10110000110000
11101100010010
01110101110110
01011100011010
11100110101110
00111100000010
10011010000110
00011010011110
01100101000110
10011100100010
01000110110110
00101010000110
00001001011010
00100110010110
10111010101010
00101100000010
10011001100110
01011111001101
01000000010100
01111010110010
00000101111110
01001111110001
11010101101010
01110101001010
01111010011110
01010000101100
10001111010101
00010101101010
01000011100010
11011001101110
10101100000110
01111001001010
10100101101010
11110110101010
01110011100110
11101100101010
01000011010010
11100011111110
01101111100101
11111001011010
11001001101010
10101100110010
10011001011110
10100000101000
11010000010000
10011010100010
00110000100000
01000000000000
11011100110010
10001001001110
11110000000100
00001100101110
00001010101110
01100110100010
10011001001010
00110000111000
10100110111110
10110011111110
00110110101010
00100011111010
10001010100110
00000101110010
11010000000000
10111100010010
10111100110010
11001001011010
11001001000110
11111010111010
10111100100010
01111001000010
01001100001110
11111111000101
00111001101110
01111111010101
00001111011101
00001001011010
01011111010101
01011111011001
10110101001010
00111001101010
10101111110001
01101010000110
10101001111110
11100011001110
11101010011010
11010110011010
01001001111010
10000000001100
11111111101101
00000110011010
10100110011110
00001001000110
00111111101101
01011111001001
01110110111110
00110110011010
01101111000001
01011010001110
11011111110101
11001111101001
10101111010101
11100011001110
01011001001010
11010000001100
00110110111110
00010000010000
00100110001010
10100101011010
11101010101010
01000000110100
00010110110110
11100101100110
01010101010110
01100101100110
10110000000100
01101100100010
00110101100010
11010101111010
01010110101010
11011100010110
10110110101010
10011111111001
11111010110010
00000011101010
11000110110110
10011001010110
11001111011001
10110000101100
10001111101101
11110110001110
00100000100000
11111111110001
01001111010001
00011111001001
11000000110000
11111001101110
10100110111110
10101100101110
01011001100010
00001111100001
10000110010110
00000000000000
10011001010110
10001100011110
00011010111010
00010110001110
10000110011110
01100000101100
01111100111110
00000000000100
00111010100010
00001001110110
00010011001110
11000000000100
01101111010001
01100011001110
10010110010010
01001010011110
01011001100010
01000000010100
00101111100001
11000011110110
11010000101100
00110110001110
10010011000010
11101010011010
01100101100010
01011111000001
01010110000110
00011111110001
00001100110010
10001001100110
11001111010001
11000101011010
11111001111010
11100110111010
11111010110010
00001001001010
00001111001001
10111111110001
11011111011001
10100000010100
10100101101010
10110011100110
10100011000010
10010101001110
01101111101001
00110101010010
00110110011010
10111111101101
11100101010110
01010110010110
11111100100010
10101010101110
01110110101010
10000000111000
00011100001010
11111100110110
00011001000010
00100000100100
10000110011110
10000101100110
01101001000010
00011100001110
11000000110100
11011100010010
01110011101010
01001100111110
10011001110110
01111111001101
01001010101010
11101111000101
00101001001110
01111111111101
00011010100110
01000110110010
01010101100110
10011010110010
10111001101110
10000000100000
01001010100010
01111010000010
00011111010101
00001100100110
01110110011110
00111111100101
10011100111010
11011111001101
01000000010100
10110011010010
01101100110010
00100000100100
10110101001110
11101100101010
11001111100101
10111100101110
11010011111010
10100110000110
00101111111001
10111010110110
11110101001010
00110101110010
00100000010000
11111010011010
01011111001001
00000011111010
11110011101110
00001010101010
11001001011010
00010000111100
10011100001010
00101111001101
00011001111110
01000110110010
01000101101010
01111001001110
10000110010110
00011001010110
01101100001110
10000101101010
00111111101101
01110000010000
00101111010001
11001010101110
01100101010110
00100011000010
00001001000010
00111001000010
11000000011100
00111100110010
00110101011010
01010000011100
00001111010001
01011001011010
01110101111010
01011100101010
00000000100100
00010000101100
01100011111110
01111111001001
01110101111110
11101001011110
00011010011110
01110011111110
00111111100001
11110000000000
10100110110110
10101010000010
00100000111100
10000110100010
01101100100010
00010110010010
10001100011010
11011010010110
01101001001010
11110000011000
00110000110000
01111111100101
10110101111110
11001100110110
00011100010010
10111001010010
11111100000010
01111001110110
10011010101110
00100101111110
10011001110010
00001111010101
01110101110010
11110110000110
10010000010000
00011010010010
10110110100110
10010110111010
00000101111010
10001100100110
00101111001001
01001100111010
11111111011001
00101100111110
00110101000010
00010000101100
10010101110010
00111010110110
00000011111110
01110101111110
00110101101010
00001001110110
10010101000010
00100101000010
01010110101010
01011001100110
11110000100100
00001010110110
00110000111000
00110011101110
11000011010110
11011010100110
00110000000000
01100101010110
10011010111110
00011001110110
01111111001001
01100011001010
11010110101010
10111010101010
01100101000010
01111010001010
00010110011110
01111100110010
01000110011110
11000110110010
10000000100000
10010011001110
11111010011010
11101111010101
00101001011010
01100011110010
11000101011110
00000011010010
00100110001010
01101111111001
10100101011010
01011100110110
01000000010100
11100101111010
11111001110010
00000110010010
01010011001110
01000101001010
01100011001010
10010110111110
00000110111010
11010110111010
11011111111101
00110011010110
00001111011001
10100101011110
10001001111010
01000110100010
10011100011010
10100011001010
00100000001000
00010101111010
00100011001010
00111001110110
10100011010110
11011111011001
11001001111010
11100110010110
10011111110001
00011100010110
00101001110010
00111001111110
01000110000110
11111111111101
00110101100010
11101100110010
10100011011010
10101001011010
01000000101100
10001111110001
00101001100010
01001111101001
01101001100010
11111111110001
10111111111101
10101001001110
10010101001110
10110000010000
11011100101010
00110011101110
11100101110010
11011001111010
00110011010110
11011010010010
11001010000010
11011001101110
01001001110010
00011010011110
11010000010000
00001001100110
01110110010010
11000011111010
10100101110010
00011111110001
01010011101010
11001010111010
00000101011110
00101001111010
01111111010001
10011100111010
10100011110010
11001010110010
00011001011010
01010000101000
11111111110101
10100110110110
01001111010001
00001001011010
10100000000100
00000110010110
01110101111010
00011111001001
00010000100100
10010110100010
00100011000010
10100011101110
10101100010110
10110011101010
11000000011100
11010101101010
11111001011110
10101111010001
11000101001010
10001001010110
00100101111110
00001111000001
01110011011110
01001100101110
01010011010010
01110000010000
01110101101010
10001100000110
00110110010010
00011010011110
10010101000110
10100110001010
00110110101110
01000101000010
01101111011101
00000110101110
10011010110010
10111100110010
01100110011010
00011010100110
11000011111110
01110110101110
10011100101110
10100101111110
00111001010110
11110110010110
00010101001110
10101111000101
10101001101110
11101100000110
01110011000110
10000011000110
11011001101010
00001111000001
00010110000110
00011111001001
10010000100100
10000000000000
01111100011110
10100011000010
01111100110110
10001001110010
00000000011100
00111010000010
00101111011101
10110000001100
11100000001100
00111111101001
01011001101010
00111111101101
10010110110110
10101111001101
11111111001101
10111111000101
01101001111110
10101010010010
10110000011000
01100110010010
00001010100010
10100110001110
00000110000010
00010110100110
11011010100010
00111100010010
11001001110110
01011111100001
00001111111101
11101100001110
01100101001110
00111001010110
00100011011010
10110110011010
10000101011110
11101111001101
10001001110010
00111100101110
10101001110010
10001001011110
10101001110010
10110101110010
11001100101110
11001100000110
00000011011110
10101010011110
11110011001110
01001010100010
10010101011110
11100000011100
11011100010010
01100110001110
10000101010010
00010110110010
10001111011001
01000110100110
10111100110010
01100110110010
00011100101110
01111111010001
00001100101010
11111100001010
10111111010101
10010000001000
00100000000000
10100011001110
10000110001110
01001010101010
00100101111010
11101001011010
01010011111010
00100101001110
10001111000001
00011010001010
10100000000100
10101010100010
01001100000010
01111100100010
11001001110010
00110101101110
10010000110000
01011001010110
11110011101010
00111001100110
00101100110110
11010110010010
01110110000110
11000000100100
00001100110010
10010011110110
01101111011001
00001100000010
11000101110110
00011111011001
11000101001110
01000101100110
10111001011110
10000101100010
01100110000110
10011111111001
10100110000110
11101010011110
01000011000110
10001010011110
11101010010110
01101100111110
01011100110110
11100011110110
11111100111010
00011001100110
10001001010110
00100000011000
10110000101000
00011111001101
00001111110001
01011010010010
01010101101110
10101111111001
11110101101010
10011010110110
10101001010110
01110011011010
10010011101010
01001001011110
10001001010010
01110110011110
01000000100000
11101111010001
01001001010110
11000000001000
10011001011010
01111111001001
00101111001101
00001111001101
11011010010110
10111001101010
11011010111110
10101001101010
11111010100110
01111111000001
11111001011010
01010110000110
01101001110110
10000101110010
01110000110100
00011100001110
01101100000110
10000110011110
10000110011110
10011111000101
11100110111110
01010101101010
00100011101110
01101001110110
10011010110010
10111100101110
01001111010101
00110101101010
00110110101110
01101001111110
01110110001110
01000011001010
01111100111110
00011100101110
10110011000010
01110110001010
11100110010110
01000110101110
11111100101110
01111100111110
01101111101001
11101010110010
10000101110110
10011100110110
11010110011010
01101010100010
10101001010010
11110000010100
10011100100010
00001111010001
11000000111000
00011111001001
01111010101110
01100101101010
01101111110001
10111010101110
10000000011100
10111111010001
11110110001110
10001111101101
00000101101110
11101100010110
01110110111010
00111010111010
00011111110001
00111111110101
10001111011101
10011100011110
00000011111010
01001111000101
11001111111101
01110110000010
00101111010101
10110011011110
00101001010110
00011001001110
00011001001010
00011100101110
00011100011110
10000101110110
00111010000010
10110110100010
01111010110010
11110110100010
01101111000001
10001001110010
00011100001010
00110101100010
10111111000001
01100110100010
10111111001101
11010011111110
11010011010110
00111001110010
10111111111101
11001001110110
10011001000110
10001001000010
00110000010100
00110110010010
11111111000101
01010011010010
00101111110001
00011001011110
01110011100010
00101111111001
10111010010110
11001111101101
10110011000010
10010101111010
00100110110110
10111111001001
10010000001100
00100101011010
11111010111010
01010101111010
01101010100010
11010011010110
11001111010101
10010011100010
10111111000001
01011001001110
10111111010001
01010101110010
10000110000110
01111001010010
11011001111110
11111111000001
00011010001110
00111001011010
00001100111110
01110110001010
11011010011010
00111100110010
00100101110110
10010110110010
10111111010001
01011100110010
00110101000110
10111100101110
00101100011010
00101111011001
00011111110101
11010101100010
00111100010010
00001010001010
01110101111010
00110011000010
00111111100101
10111100011010
01111100011110
00101111011001
11011010000110
01011010010010
00010011010010
00111001110010
01011001010110
10100110101110
11010000100000
10011100100110
10100101000110
00100000110000
11011100001110
11110110010110
10111100100010
01010110001010
00010011000010
00101010010110
01110000101000
00001010000110
11011010110110
10110011100110
00101010001010
01011100001010
01010011000010
10010000010100
10110110010110
01011111001001
10010011110110
01011001110010
01000101110110
00100011101110
00110101010110
00000101110010
10111010110110
01001010100110
01100101110010
10001100101110
01110101001110
11110110000010
01110000010000
11101111010101
11001001100010
01100110110010
01101100100110
01011010011010
11101010010010
00101001111110
11101100011110
00100110010110
11101111110101
10101111011101
01110110111010
00010110001010
00101001101010
00111111110101
01110000001100
11011100110110
00011100111010
11011001111010
00111001010010
11100011100010
