      1 00000000000000
      1 00000000000100
      1 00000000011100
      1 00000000100100
      1 00000011010010
      1 00000011011110
      1 00000011101010
      2 00000011111010
      1 00000011111110
      1 00000101011110
      1 00000101101110
      2 00000101110010
      1 00000101111010
      1 00000101111110
      1 00000110000010
      1 00000110010010
      1 00000110010110
      1 00000110011010
      1 00000110011110
      1 00000110101110
      1 00000110111010
      1 00001001000010
      1 00001001000110
      1 00001001001010
      3 00001001011010
      1 00001001100110
      2 00001001110110
      1 00001010000110
      1 00001010001010
      1 00001010100010
      1 00001010101010
      1 00001010101110
      1 00001010110110
      1 00001100000010
      1 00001100100110
      1 00001100101010
      1 00001100101110
      2 00001100110010
      1 00001100111110
      2 00001111000001
      1 00001111001001
      1 00001111001101
      2 00001111010001
      1 00001111010101
      1 00001111011001
      1 00001111011101
      1 00001111100001
      1 00001111110001
      1 00001111111101
      1 00010000010000
      1 00010000100100
      2 00010000101100
      1 00010000111100
      1 00010011000010
      1 00010011001110
      1 00010011010010
      1 00010011100010
      1 00010101001110
      1 00010101101010
      1 00010101111010
      1 00010110000110
      1 00010110001010
      1 00010110001110
      1 00010110010010
      1 00010110011110
      1 00010110100110
      1 00010110110010
      1 00010110110110
      1 00011001000010
      1 00011001001010
      1 00011001001110
      1 00011001010110
      1 00011001011010
      1 00011001011110
      1 00011001100110
      1 00011001110110
      1 00011001111110
      2 00011010001010
      1 00011010001110
      1 00011010010010
      4 00011010011110
      2 00011010100110
      1 00011010111010
      2 00011100001010
      2 00011100001110
      1 00011100010010
      1 00011100010110
      1 00011100011110
      4 00011100101110
      1 00011100111010
      4 00011111001001
      1 00011111001101
      1 00011111010101
      1 00011111011001
      3 00011111110001
      1 00011111110101
      1 00100000000000
      1 00100000001000
      1 00100000010000
      1 00100000011000
      1 00100000100000
      2 00100000100100
      1 00100000110000
      1 00100000111100
      3 00100011000010
      1 00100011001010
      1 00100011011010
      2 00100011101110
      1 00100011111010
      1 00100101000010
      1 00100101001110
      1 00100101011010
      1 00100101110110
      1 00100101111010
      2 00100101111110
      2 00100110001010
      2 00100110010110
      1 00100110100010
      1 00100110110110
      1 00101001001110
      1 00101001010110
      1 00101001011010
      1 00101001100010
      1 00101001101010
      1 00101001110010
      1 00101001111010
      1 00101001111110
      1 00101010000110
      1 00101010001010
      1 00101010010110
      1 00101010110010
      1 00101100000010
      1 00101100011010
      1 00101100110110
      1 00101100111110
      1 00101111001001
      2 00101111001101
      1 00101111010001
      1 00101111010101
      2 00101111011001
      1 00101111011101
      1 00101111100001
      2 00101111110001
      2 00101111111001
      1 00110000000000
      1 00110000010100
      1 00110000100000
      1 00110000110000
      2 00110000111000
      1 00110011000010
      2 00110011010110
      2 00110011101110
      1 00110101000010
      1 00110101000110
      1 00110101010010
      1 00110101010110
      1 00110101011010
      3 00110101100010
      2 00110101101010
      1 00110101101110
      1 00110101110010
      1 00110101111010
      1 00110110001110
      2 00110110010010
      2 00110110011010
      1 00110110101010
      2 00110110101110
      1 00110110111110
      1 00111001000010
      1 00111001010010
      2 00111001010110
      1 00111001011010
      1 00111001100110
      1 00111001101010
      1 00111001101110
      2 00111001110010
      2 00111001110110
      1 00111001111110
      2 00111010000010
      1 00111010100010
      1 00111010110110
      1 00111010111010
      1 00111100000010
      2 00111100010010
      1 00111100101110
      2 00111100110010
      1 00111100111010
      1 00111111100001
      2 00111111100101
      1 00111111101001
      3 00111111101101
      2 00111111110101
      1 01000000000000
      4 01000000010100
      1 01000000100000
      1 01000000101100
      1 01000000110100
      1 01000011000110
      1 01000011001010
      1 01000011010010
      1 01000011100010
      1 01000101000010
      1 01000101001010
      1 01000101100110
      1 01000101101010
      1 01000101110110
      1 01000110000110
      1 01000110011110
      1 01000110100010
      1 01000110100110
      1 01000110101110
      2 01000110110010
      1 01000110110110
      1 01001001010110
      1 01001001011110
      1 01001001110010
      1 01001001111010
      1 01001010011110
      2 01001010100010
      1 01001010100110
      2 01001010101010
      1 01001100000010
      1 01001100001110
      1 01001100101110
      1 01001100111010
      1 01001100111110
      1 01001111000101
      3 01001111010001
      1 01001111010101
      1 01001111101001
      1 01001111110001
      1 01010000011100
      1 01010000101000
      1 01010000101100
      1 01010011000010
      1 01010011001110
      2 01010011010010
      2 01010011101010
      1 01010011111010
      1 01010101010110
      1 01010101100110
      1 01010101101010
      1 01010101101110
      1 01010101110010
      1 01010101111010
      2 01010110000110
      1 01010110001010
      1 01010110010110
      2 01010110101010
      1 01011001001010
      1 01011001001110
      2 01011001010110
      1 01011001011010
      2 01011001100010
      1 01011001100110
      1 01011001101010
      1 01011001110010
      1 01011010001110
      2 01011010010010
      1 01011010011010
      1 01011010100010
      1 01011100001010
      1 01011100011010
      1 01011100101010
      1 01011100110010
      2 01011100110110
      1 01011111000001
      3 01011111001001
      1 01011111001101
      1 01011111010101
      1 01011111011001
      2 01011111100001
      1 01100000001000
      1 01100000100100
      1 01100000101100
      2 01100011001010
      1 01100011001110
      1 01100011110010
      1 01100011111110
      1 01100101000010
      1 01100101000110
      1 01100101001110
      2 01100101010110
      1 01100101100010
      1 01100101100110
      1 01100101101010
      1 01100101110010
      1 01100110000110
      1 01100110001110
      1 01100110010010
      1 01100110011010
      2 01100110100010
      2 01100110110010
      1 01101001000010
      1 01101001001010
      1 01101001100010
      2 01101001110110
      2 01101001111110
      1 01101010000110
      3 01101010100010
      1 01101100000110
      1 01101100001110
      2 01101100100010
      1 01101100100110
      1 01101100101010
      1 01101100110010
      1 01101100111110
      2 01101111000001
      1 01101111010001
      2 01101111011001
      1 01101111011101
      1 01101111100101
      2 01101111101001
      1 01101111110001
      1 01101111111001
      1 01110000001100
      4 01110000010000
      1 01110000101000
      1 01110000110100
      1 01110011000110
      1 01110011011010
      1 01110011011110
      1 01110011100010
      1 01110011100110
      1 01110011101010
      1 01110011111110
      1 01110101001010
      1 01110101001110
      1 01110101101010
      1 01110101110010
      1 01110101110110
      3 01110101111010
      2 01110101111110
      1 01110110000010
      1 01110110000110
      2 01110110001010
      1 01110110001110
      1 01110110010010
      2 01110110011110
      1 01110110101010
      1 01110110101110
      2 01110110111010
      1 01110110111110
      1 01111001000010
      1 01111001001010
      1 01111001001110
      1 01111001010010
      1 01111001110110
      1 01111010000010
      1 01111010001010
      1 01111010010110
      1 01111010011110
      1 01111010101110
      2 01111010110010
      2 01111100011110
      1 01111100100010
      1 01111100110010
      1 01111100110110
      3 01111100111110
      1 01111111000001
      3 01111111001001
      1 01111111001101
      2 01111111010001
      1 01111111010101
      1 01111111011001
      1 01111111100101
      1 01111111111101
      1 10000000000000
      1 10000000001100
      1 10000000011100
      2 10000000100000
      1 10000000111000
      1 10000011000110
      1 10000101010010
      1 10000101011110
      1 10000101100010
      1 10000101100110
      1 10000101101010
      1 10000101110010
      2 10000101110110
      1 10000110000110
      2 10000110001110
      2 10000110010110
      4 10000110011110
      1 10000110100010
      1 10001001000010
      1 10001001001110
      1 10001001010010
      2 10001001010110
      1 10001001011110
      3 10001001100110
      3 10001001110010
      1 10001001111010
      1 10001010011110
      1 10001010100110
      1 10001100000110
      1 10001100011010
      1 10001100011110
      1 10001100100110
      1 10001100101110
      1 10001111000001
      1 10001111010101
      1 10001111011001
      1 10001111011101
      3 10001111101101
      1 10001111110001
      1 10001111111101
      1 10010000001000
      1 10010000001100
      1 10010000010000
      1 10010000010100
      1 10010000100100
      1 10010000110000
      1 10010011000010
      2 10010011001110
      1 10010011010110
      1 10010011100010
      1 10010011101010
      2 10010011110110
      1 10010101000010
      1 10010101000110
      2 10010101001110
      1 10010101011110
      1 10010101110010
      1 10010101111010
      1 10010110001010
      1 10010110010010
      1 10010110100010
      1 10010110110010
      1 10010110110110
      1 10010110111010
      1 10010110111110
      1 10011001000110
      1 10011001001010
      2 10011001010110
      1 10011001011010
      1 10011001011110
      1 10011001100110
      2 10011001110010
      1 10011001110110
      1 10011010000110
      1 10011010010010
      1 10011010100010
      1 10011010101110
      3 10011010110010
      1 10011010110110
      1 10011010111110
      1 10011100001010
      1 10011100011010
      1 10011100011110
      2 10011100100010
      1 10011100100110
      1 10011100101110
      1 10011100110110
      2 10011100111010
      1 10011111000101
      1 10011111110001
      2 10011111111001
      2 10100000000100
      1 10100000001100
      1 10100000010000
      1 10100000010100
      1 10100000101000
      2 10100011000010
      1 10100011000110
      1 10100011001010
      1 10100011001110
      1 10100011010110
      1 10100011011010
      1 10100011101110
      1 10100011110010
      1 10100101000110
      2 10100101011010
      1 10100101011110
      2 10100101101010
      1 10100101110010
      1 10100101111110
      2 10100110000110
      1 10100110001010
      1 10100110001110
      1 10100110011110
      1 10100110101110
      2 10100110110110
      2 10100110111110
      1 10101001001110
      1 10101001010010
      1 10101001010110
      1 10101001011010
      1 10101001100010
      1 10101001101010
      1 10101001101110
      2 10101001110010
      1 10101001111110
      1 10101010000010
      1 10101010010010
      1 10101010011110
      1 10101010100010
      1 10101010101110
      1 10101100000010
      1 10101100000110
      1 10101100010110
      1 10101100101110
      1 10101100110010
      1 10101111000101
      1 10101111001101
      1 10101111010001
      1 10101111010101
      1 10101111011101
      1 10101111101001
      1 10101111110001
      1 10101111111001
      1 10110000000100
      1 10110000001100
      1 10110000010000
      1 10110000011000
      1 10110000101000
      1 10110000101100
      1 10110000110000
      2 10110011000010
      1 10110011010010
      1 10110011011110
      2 10110011100110
      1 10110011101010
      1 10110011111110
      1 10110101001010
      1 10110101001110
      1 10110101110010
      1 10110101111110
      1 10110110010110
      1 10110110011010
      1 10110110100010
      1 10110110100110
      1 10110110101010
      1 10111001010010
      1 10111001011110
      1 10111001101010
      1 10111001101110
      1 10111010010110
      2 10111010101010
      1 10111010101110
      2 10111010110110
      1 10111100010010
      1 10111100011010
      2 10111100100010
      3 10111100101110
      3 10111100110010
      2 10111111000001
      1 10111111000101
      1 10111111001001
      1 10111111001101
      3 10111111010001
      1 10111111010101
      1 10111111101001
      1 10111111101101
      1 10111111110001
      2 10111111111101
      1 11000000000100
      1 11000000001000
      2 11000000011100
      1 11000000100100
      1 11000000110000
      1 11000000110100
      1 11000000111000
      1 11000011010110
      1 11000011110110
      1 11000011111010
      1 11000011111110
      1 11000101001010
      1 11000101001110
      1 11000101011010
      1 11000101011110
      1 11000101110110
      1 11000110000110
      1 11000110110010
      1 11000110110110
      1 11001001000110
      2 11001001011010
      1 11001001100010
      1 11001001101010
      1 11001001110010
      2 11001001110110
      1 11001001111010
      1 11001010000010
      1 11001010101110
      1 11001010110010
      1 11001010111010
      1 11001100000110
      1 11001100101110
      1 11001100110110
      1 11001100111010
      1 11001111010001
      1 11001111010101
      1 11001111011001
      1 11001111100101
      1 11001111101001
      1 11001111101101
      1 11001111111101
      1 11010000000000
      1 11010000001100
      2 11010000010000
      1 11010000100000
      1 11010000101100
      1 11010011001010
      2 11010011010110
      1 11010011011110
      2 11010011111010
      1 11010011111110
      1 11010101100010
      2 11010101101010
      1 11010101111010
      1 11010110001110
      1 11010110010010
      2 11010110011010
      1 11010110100010
      1 11010110101010
      1 11010110111010
      1 11011001101010
      2 11011001101110
      2 11011001111010
      1 11011001111110
      1 11011010000110
      1 11011010010010
      2 11011010010110
      1 11011010011010
      1 11011010100010
      1 11011010100110
      1 11011010110110
      1 11011010111110
      1 11011100000010
      1 11011100001110
      2 11011100010010
      1 11011100010110
      1 11011100100010
      1 11011100100110
      1 11011100101010
      1 11011100110010
      1 11011100110110
      1 11011111001101
      2 11011111011001
      1 11011111011101
      1 11011111110101
      1 11011111111101
      1 11100000001100
      1 11100000011100
      1 11100000111100
      2 11100011001110
      1 11100011100010
      1 11100011110110
      1 11100011111110
      1 11100101010110
      1 11100101100110
      1 11100101110010
      1 11100101111010
      1 11100110000010
      2 11100110010110
      1 11100110101110
      1 11100110111010
      1 11100110111110
      1 11101001011010
      1 11101001011110
      1 11101010010010
      1 11101010010110
      2 11101010011010
      1 11101010011110
      1 11101010101010
      1 11101010110010
      1 11101100000110
      1 11101100001110
      1 11101100010010
      1 11101100010110
      1 11101100011110
      2 11101100101010
      1 11101100110010
      1 11101111000101
      1 11101111001101
      1 11101111010001
      2 11101111010101
      1 11101111110101
      1 11110000000000
      1 11110000000100
      1 11110000010100
      1 11110000011000
      1 11110000100100
      1 11110011001110
      1 11110011101010
      1 11110011101110
      1 11110101001010
      1 11110101101010
      1 11110110000010
      2 11110110000110
      2 11110110001110
      2 11110110010110
      1 11110110100010
      1 11110110101010
      2 11111001011010
      1 11111001011110
      1 11111001101110
      1 11111001110010
      1 11111001110110
      2 11111001111010
      2 11111010011010
      1 11111010100110
      2 11111010110010
      2 11111010111010
      1 11111100000010
      2 11111100001010
      1 11111100011010
      1 11111100100010
      1 11111100101110
      1 11111100110110
      1 11111100111010
      1 11111111000001
      2 11111111000101
      1 11111111001101
      1 11111111011001
      1 11111111101101
      2 11111111110001
      1 11111111110101
      1 11111111111101
