Time limit: 3.000000
{'qpu_access_time': 122396, 'charge_time': 2994755, 'run_time': 2994755, 'problem_id': 'd030d5f3-6c59-4d22-9227-9da1b41ddcbd'}
[1, 1, -1, 1, -1, -1, 1, 1, 1, 1, 1, -1, 1, -1, 1, -1, -1, -1, 1, -1, -1, -1, -1, 1, -1, -1, -1, -1, 1, -1, 1, -1, 1, 1, -1, -1]	-31.0
Time limit: 3.000000
{'qpu_access_time': 142145, 'charge_time': 2991235, 'run_time': 2991235, 'problem_id': 'ec2a44ef-fec2-49b0-9715-e1f1cae91708'}
[-1, 1, 1, 1, 1, 1, -1, -1, -1, 1, 1, 1, -1, -1, -1, -1, 1, 1, -1, -1, 1, 1, 1, -1, -1, 1, -1, -1, -1, -1, -1, -1, -1, -1, 1, 1]	-31.0
Time limit: 3.000000
{'qpu_access_time': 162225, 'charge_time': 2993266, 'run_time': 2993266, 'problem_id': 'dc529823-7196-496c-91e7-5a7ddbcca99c'}
[1, 1, -1, 1, -1, -1, 1, 1, 1, 1, 1, -1, 1, -1, 1, -1, -1, -1, 1, -1, -1, -1, -1, 1, -1, -1, -1, -1, 1, -1, 1, -1, 1, 1, -1, -1]	-31.0
Time limit: 3.000000
{'qpu_access_time': 122435, 'charge_time': 2984332, 'run_time': 2984332, 'problem_id': '9e0e468d-953d-43b0-9a64-c31499496713'}
[1, 1, -1, -1, 1, 1, -1, 1, 1, 1, -1, 1, 1, -1, -1, 1, -1, 1, -1, -1, -1, -1, -1, -1, 1, -1, -1, 1, -1, -1, -1, 1, 1, -1, 1, -1]	-31.0
Time limit: 3.000000
{'qpu_access_time': 101991, 'charge_time': 2984889, 'run_time': 2984889, 'problem_id': 'b5fe8e39-5c9f-4c0d-b1ca-c2aeec0427d1'}
[-1, 1, 1, 1, 1, 1, -1, -1, -1, 1, 1, 1, -1, -1, -1, -1, 1, 1, -1, -1, 1, 1, 1, -1, -1, 1, -1, -1, -1, -1, -1, -1, -1, -1, 1, 1]	-31.0
Time limit: 3.000000
{'qpu_access_time': 142584, 'charge_time': 2981482, 'run_time': 2981482, 'problem_id': '5de2ef80-046f-49f2-b7a0-343ad8c98dd7'}
[1, 1, -1, 1, -1, 1, -1, -1, 1, 1, 1, 1, 1, -1, 1, -1, -1, 1, -1, -1, -1, -1, 1, -1, -1, -1, -1, -1, -1, -1, -1, -1, 1, 1, 1, 1]	-31.0
Time limit: 3.000000
{'qpu_access_time': 122709, 'charge_time': 2998479, 'run_time': 2998479, 'problem_id': '175a05e2-948f-4d91-b436-5cfdd8d847e4'}
[1, 1, -1, 1, -1, 1, -1, -1, 1, 1, 1, 1, 1, -1, 1, -1, -1, 1, -1, -1, -1, -1, 1, -1, -1, -1, -1, -1, -1, -1, -1, -1, 1, 1, 1, 1]	-31.0
Time limit: 3.000000
{'qpu_access_time': 163262, 'charge_time': 2997676, 'run_time': 2997676, 'problem_id': '95b4d1ae-3991-47a4-a43c-be35553228b6'}
[1, 1, -1, 1, -1, 1, -1, -1, 1, 1, 1, 1, 1, -1, 1, -1, -1, 1, -1, -1, -1, -1, 1, -1, -1, -1, -1, -1, -1, -1, -1, -1, 1, 1, 1, 1]	-31.0
Time limit: 3.000000
{'qpu_access_time': 80707, 'charge_time': 2981468, 'run_time': 2981468, 'problem_id': '196d733d-3f1e-43a0-aa4f-4ab4ca44ddbf'}
[1, 1, -1, -1, 1, 1, -1, 1, 1, 1, -1, 1, 1, -1, -1, 1, -1, 1, -1, -1, -1, -1, -1, -1, 1, -1, -1, 1, -1, -1, -1, 1, 1, -1, 1, -1]	-31.0
Time limit: 3.000000
{'qpu_access_time': 162532, 'charge_time': 2992793, 'run_time': 2992793, 'problem_id': '93188b4a-0c2c-4c67-99f0-842134782eec'}
[1, 1, -1, 1, -1, 1, -1, -1, 1, 1, 1, 1, 1, -1, 1, -1, -1, 1, -1, -1, -1, -1, 1, -1, -1, -1, -1, -1, -1, -1, -1, -1, 1, 1, 1, 1]	-31.0
Time limit: 3.000000
{'qpu_access_time': 121800, 'charge_time': 2993199, 'run_time': 2993199, 'problem_id': '949930b7-d667-4522-99e0-2c8d3253acbb'}
[1, -1, 1, 1, -1, 1, 1, -1, 1, -1, 1, 1, -1, 1, 1, -1, -1, -1, -1, 1, -1, -1, 1, -1, -1, -1, 1, -1, -1, 1, -1, -1, -1, 1, -1, 1]	-31.0
Time limit: 3.000000
{'qpu_access_time': 121182, 'charge_time': 2997812, 'run_time': 2997812, 'problem_id': 'b5c973d1-6c6d-442f-8018-29cda6180b2b'}
[1, 1, -1, 1, -1, -1, 1, 1, 1, 1, 1, -1, 1, -1, 1, -1, -1, -1, 1, -1, -1, -1, -1, 1, -1, -1, -1, -1, 1, -1, 1, -1, 1, 1, -1, -1]	-31.0
Time limit: 3.000000
{'qpu_access_time': 142102, 'charge_time': 2997244, 'run_time': 2997244, 'problem_id': 'eb3d7b93-ffd7-48e2-b166-791370d23f49'}
[1, -1, 1, 1, -1, 1, 1, -1, 1, -1, 1, 1, -1, 1, 1, -1, -1, -1, -1, 1, -1, -1, 1, -1, -1, -1, 1, -1, -1, 1, -1, -1, -1, 1, -1, 1]	-31.0
Time limit: 3.000000
{'qpu_access_time': 143418, 'charge_time': 2998307, 'run_time': 2998307, 'problem_id': '29b599c5-3ba8-48ff-864d-96075c47652d'}
[-1, 1, 1, 1, 1, -1, 1, 1, 1, -1, -1, 1, -1, -1, -1, -1, 1, -1, 1, 1, -1, 1, -1, 1, 1, -1, -1, -1, -1, 1, -1, 1, -1, -1, -1, -1]	-31.0
Time limit: 3.000000
{'qpu_access_time': 100497, 'charge_time': 2994999, 'run_time': 2994999, 'problem_id': '1a08550e-a23e-4ea3-b981-dace618f37da'}
[1, 1, -1, 1, -1, 1, -1, -1, 1, 1, 1, 1, 1, -1, 1, -1, -1, 1, -1, -1, -1, -1, 1, -1, -1, -1, -1, -1, -1, -1, -1, -1, 1, 1, 1, 1]	-31.0
Time limit: 3.000000
{'qpu_access_time': 142857, 'charge_time': 2990841, 'run_time': 2990841, 'problem_id': '08d59244-d930-40a7-a51f-cfe001afdb36'}
[-1, 1, 1, 1, 1, -1, 1, 1, 1, -1, -1, 1, -1, -1, -1, -1, 1, -1, 1, 1, -1, 1, -1, 1, 1, -1, -1, -1, -1, 1, -1, 1, -1, -1, -1, -1]	-31.0
Time limit: 3.000000
{'qpu_access_time': 101396, 'charge_time': 2992206, 'run_time': 2992206, 'problem_id': '1bc96ceb-c8c0-414f-bd77-1099e9c30a24'}
[1, 1, -1, 1, -1, 1, -1, -1, 1, 1, 1, 1, 1, -1, 1, -1, -1, 1, -1, -1, -1, -1, 1, -1, -1, -1, -1, -1, -1, -1, -1, -1, 1, 1, 1, 1]	-31.0
Time limit: 3.000000
{'qpu_access_time': 162418, 'charge_time': 2988344, 'run_time': 2988344, 'problem_id': 'b533c64f-59ec-4ab0-aad7-91f539b8e5b9'}
[1, -1, 1, 1, -1, 1, 1, -1, 1, -1, 1, 1, -1, 1, 1, -1, -1, -1, -1, 1, -1, -1, 1, -1, -1, -1, 1, -1, -1, 1, -1, -1, -1, 1, -1, 1]	-31.0
Time limit: 3.000000
{'qpu_access_time': 142581, 'charge_time': 2992919, 'run_time': 2992919, 'problem_id': 'da1cdb60-d1e1-4157-b9d7-4964069c3cb6'}
[1, 1, -1, 1, -1, -1, 1, 1, 1, 1, 1, -1, 1, -1, 1, -1, -1, -1, 1, -1, -1, -1, -1, 1, -1, -1, -1, -1, 1, -1, 1, -1, 1, 1, -1, -1]	-31.0
Time limit: 3.000000
{'qpu_access_time': 121400, 'charge_time': 2997418, 'run_time': 2997418, 'problem_id': 'dbd4e1e8-b563-414d-b823-002764cde573'}
[1, 1, -1, 1, -1, 1, -1, -1, 1, 1, 1, 1, 1, -1, 1, -1, -1, 1, -1, -1, -1, -1, 1, -1, -1, -1, -1, -1, -1, -1, -1, -1, 1, 1, 1, 1]	-31.0
Time limit: 3.000000
{'qpu_access_time': 122082, 'charge_time': 2993074, 'run_time': 2993074, 'problem_id': '364f34ec-0c70-401b-8c2a-6801077456e0'}
[1, -1, 1, 1, -1, 1, 1, -1, 1, -1, 1, 1, -1, 1, 1, -1, -1, -1, -1, 1, -1, -1, 1, -1, -1, -1, 1, -1, -1, 1, -1, -1, -1, 1, -1, 1]	-31.0
Time limit: 3.000000
{'qpu_access_time': 100151, 'charge_time': 2982603, 'run_time': 2982603, 'problem_id': 'be45755e-5fb4-4466-96f2-9d746b9d3ad2'}
[-1, 1, 1, 1, 1, -1, 1, 1, 1, -1, -1, 1, -1, -1, -1, -1, 1, -1, 1, 1, -1, 1, -1, 1, 1, -1, -1, -1, -1, 1, -1, 1, -1, -1, -1, -1]	-31.0
Time limit: 3.000000
{'qpu_access_time': 121071, 'charge_time': 2984412, 'run_time': 2984412, 'problem_id': 'b7f073b1-c7b1-4c11-84ea-67809318fced'}
[1, 1, -1, 1, -1, -1, 1, 1, 1, 1, 1, -1, 1, -1, 1, -1, -1, -1, 1, -1, -1, -1, -1, 1, -1, -1, -1, -1, 1, -1, 1, -1, 1, 1, -1, -1]	-31.0
Time limit: 3.000000
{'qpu_access_time': 101072, 'charge_time': 2983226, 'run_time': 2983226, 'problem_id': 'a220fa99-5be6-4a8f-b1ea-d19eaa2640d5'}
[1, 1, -1, 1, -1, 1, -1, -1, 1, 1, 1, 1, 1, -1, 1, -1, -1, 1, -1, -1, -1, -1, 1, -1, -1, -1, -1, -1, -1, -1, -1, -1, 1, 1, 1, 1]	-31.0
Time limit: 3.000000
{'qpu_access_time': 122338, 'charge_time': 2991322, 'run_time': 2991322, 'problem_id': '32b9a965-916f-427d-be80-6f419529f8da'}
[1, 1, -1, 1, -1, 1, -1, -1, 1, 1, 1, 1, 1, -1, 1, -1, -1, 1, -1, -1, -1, -1, 1, -1, -1, -1, -1, -1, -1, -1, -1, -1, 1, 1, 1, 1]	-31.0
Time limit: 3.000000
{'qpu_access_time': 162235, 'charge_time': 2995653, 'run_time': 2995653, 'problem_id': '5e5744f5-a9c7-4874-9d83-4fd75fe80bb0'}
[1, 1, -1, 1, -1, 1, -1, -1, 1, 1, 1, 1, 1, -1, 1, -1, -1, 1, -1, -1, -1, -1, 1, -1, -1, -1, -1, -1, -1, -1, -1, -1, 1, 1, 1, 1]	-31.0
Time limit: 3.000000
{'qpu_access_time': 121767, 'charge_time': 2988830, 'run_time': 2988830, 'problem_id': '57cdd1d7-4d5e-413a-a957-8e7e5f8dd211'}
[1, -1, 1, -1, 1, 1, 1, 1, 1, -1, -1, 1, -1, 1, -1, 1, -1, -1, -1, 1, -1, -1, -1, -1, 1, -1, 1, 1, -1, 1, -1, 1, -1, -1, -1, -1]	-31.0
Time limit: 3.000000
{'qpu_access_time': 121186, 'charge_time': 2995904, 'run_time': 2995904, 'problem_id': '21bc207c-1094-4f0b-8834-ece75bc5a1dd'}
[-1, 1, 1, 1, 1, 1, -1, -1, -1, 1, 1, 1, -1, -1, -1, -1, 1, 1, -1, -1, 1, 1, 1, -1, -1, 1, -1, -1, -1, -1, -1, -1, -1, -1, 1, 1]	-31.0
Time limit: 3.000000
{'qpu_access_time': 162930, 'charge_time': 2993129, 'run_time': 2993129, 'problem_id': 'b2435562-aa56-44e8-87de-269be1a4e159'}
[1, -1, 1, -1, 1, 1, 1, 1, 1, -1, -1, 1, -1, 1, -1, 1, -1, -1, -1, 1, -1, -1, -1, -1, 1, -1, 1, 1, -1, 1, -1, 1, -1, -1, -1, -1]	-31.0
Time limit: 3.000000
{'qpu_access_time': 142693, 'charge_time': 2987234, 'run_time': 2987234, 'problem_id': '6092c1cd-22fa-40ef-841d-004f6c4ba615'}
[-1, 1, 1, 1, 1, -1, 1, 1, 1, -1, -1, 1, -1, -1, -1, -1, 1, -1, 1, 1, -1, 1, -1, 1, 1, -1, -1, -1, -1, 1, -1, 1, -1, -1, -1, -1]	-31.0
Time limit: 3.000000
{'qpu_access_time': 121875, 'charge_time': 2997899, 'run_time': 2997899, 'problem_id': 'c6e8f78b-b36e-46ce-a581-3316e6a13668'}
[1, 1, -1, 1, -1, -1, 1, 1, 1, 1, 1, -1, 1, -1, 1, -1, -1, -1, 1, -1, -1, -1, -1, 1, -1, -1, -1, -1, 1, -1, 1, -1, 1, 1, -1, -1]	-31.0
Time limit: 3.000000
{'qpu_access_time': 60362, 'charge_time': 2988443, 'run_time': 2988443, 'problem_id': '9c872010-2d5f-4c16-8714-2fc249cb1d23'}
[1, 1, -1, 1, -1, 1, -1, -1, 1, 1, 1, 1, 1, -1, 1, -1, -1, 1, -1, -1, -1, -1, 1, -1, -1, -1, -1, -1, -1, -1, -1, -1, 1, 1, 1, 1]	-31.0
Time limit: 3.000000
{'qpu_access_time': 183667, 'charge_time': 2994963, 'run_time': 2994963, 'problem_id': 'a30c08ff-d065-4310-990d-01eccf82f85f'}
[-1, 1, 1, 1, 1, -1, 1, 1, -1, 1, 1, -1, -1, -1, -1, -1, 1, -1, 1, -1, 1, 1, -1, 1, -1, 1, -1, -1, 1, -1, 1, -1, -1, -1, -1, -1]	-31.0
Time limit: 3.000000
{'qpu_access_time': 141666, 'charge_time': 2997720, 'run_time': 2997720, 'problem_id': 'db466154-11d8-4bee-b325-29392f247d56'}
[-1, 1, 1, 1, 1, -1, 1, 1, -1, 1, 1, -1, -1, -1, -1, -1, 1, -1, 1, -1, 1, 1, -1, 1, -1, 1, -1, -1, 1, -1, 1, -1, -1, -1, -1, -1]	-31.0
Time limit: 3.000000
{'qpu_access_time': 121462, 'charge_time': 2999239, 'run_time': 2999239, 'problem_id': '18902177-23c9-4025-8e8d-e9ff40a3ad34'}
[-1, 1, 1, 1, 1, 1, -1, -1, -1, 1, 1, 1, -1, -1, -1, -1, 1, 1, -1, -1, 1, 1, 1, -1, -1, 1, -1, -1, -1, -1, -1, -1, -1, -1, 1, 1]	-31.0
Time limit: 3.000000
{'qpu_access_time': 140394, 'charge_time': 2986195, 'run_time': 2986195, 'problem_id': 'ca2ddbd8-a161-424d-ac7a-b088264bf0c0'}
[1, 1, -1, 1, -1, 1, -1, -1, 1, 1, 1, 1, 1, -1, 1, -1, -1, 1, -1, -1, -1, -1, 1, -1, -1, -1, -1, -1, -1, -1, -1, -1, 1, 1, 1, 1]	-31.0
Time limit: 3.000000
{'qpu_access_time': 142841, 'charge_time': 2982849, 'run_time': 2982849, 'problem_id': 'f7a117a9-b346-4544-96d2-f3f7b6843225'}
[1, -1, 1, 1, -1, 1, 1, -1, 1, -1, 1, 1, -1, 1, 1, -1, -1, -1, -1, 1, -1, -1, 1, -1, -1, -1, 1, -1, -1, 1, -1, -1, -1, 1, -1, 1]	-31.0
Time limit: 3.000000
{'qpu_access_time': 161114, 'charge_time': 2990512, 'run_time': 2990512, 'problem_id': '612d9dbb-82d5-48bb-9707-b6f33827ae68'}
[1, 1, -1, 1, -1, -1, 1, 1, 1, 1, 1, -1, 1, -1, 1, -1, -1, -1, 1, -1, -1, -1, -1, 1, -1, -1, -1, -1, 1, -1, 1, -1, 1, 1, -1, -1]	-31.0
Time limit: 3.000000
{'qpu_access_time': 183395, 'charge_time': 2992891, 'run_time': 2992891, 'problem_id': '213d7484-d833-4cc4-9221-5ef9f9bdbd55'}
[-1, 1, 1, 1, 1, 1, -1, -1, -1, 1, 1, 1, -1, -1, -1, -1, 1, 1, -1, -1, 1, 1, 1, -1, -1, 1, -1, -1, -1, -1, -1, -1, -1, -1, 1, 1]	-31.0
Time limit: 3.000000
{'qpu_access_time': 181836, 'charge_time': 2996536, 'run_time': 2996536, 'problem_id': '23722cb7-cbba-482a-8bfa-29162b862504'}
[1, 1, -1, 1, -1, -1, 1, 1, 1, 1, 1, -1, 1, -1, 1, -1, -1, -1, 1, -1, -1, -1, -1, 1, -1, -1, -1, -1, 1, -1, 1, -1, 1, 1, -1, -1]	-31.0
Time limit: 3.000000
{'qpu_access_time': 122204, 'charge_time': 2986734, 'run_time': 2986734, 'problem_id': '1e4361e3-4789-4cb0-9406-d7b916033762'}
[-1, 1, 1, 1, 1, -1, 1, 1, -1, 1, 1, -1, -1, -1, -1, -1, 1, -1, 1, -1, 1, 1, -1, 1, -1, 1, -1, -1, 1, -1, 1, -1, -1, -1, -1, -1]	-31.0
Time limit: 3.000000
{'qpu_access_time': 61277, 'charge_time': 2983247, 'run_time': 2983247, 'problem_id': '296c7ad3-663c-4a24-9a6a-bfb61d3a827f'}
[1, -1, 1, -1, 1, 1, 1, 1, -1, 1, 1, -1, -1, 1, -1, 1, -1, -1, -1, -1, 1, -1, -1, -1, -1, 1, 1, 1, 1, -1, 1, -1, -1, -1, -1, -1]	-31.0
Time limit: 3.000000
{'qpu_access_time': 142101, 'charge_time': 2986212, 'run_time': 2986212, 'problem_id': 'b5e8809d-0346-4f96-919b-5d00845337c6'}
[1, 1, -1, -1, 1, 1, -1, 1, 1, 1, -1, 1, 1, -1, -1, 1, -1, 1, -1, -1, -1, -1, -1, -1, 1, -1, -1, 1, -1, -1, -1, 1, 1, -1, 1, -1]	-31.0
Time limit: 3.000000
{'qpu_access_time': 161666, 'charge_time': 2997448, 'run_time': 2997448, 'problem_id': 'ef24e1e3-1a9d-487a-b769-42aa0acdcae5'}
[-1, 1, 1, 1, 1, -1, 1, 1, -1, 1, 1, -1, -1, -1, -1, -1, 1, -1, 1, -1, 1, 1, -1, 1, -1, 1, -1, -1, 1, -1, 1, -1, -1, -1, -1, -1]	-31.0
Time limit: 3.000000
{'qpu_access_time': 163123, 'charge_time': 2996321, 'run_time': 2996321, 'problem_id': 'ee63aa3f-cefa-467d-aaf9-96d2a393ee0d'}
[-1, 1, 1, 1, 1, 1, -1, -1, -1, 1, 1, 1, -1, -1, -1, -1, 1, 1, -1, -1, 1, 1, 1, -1, -1, 1, -1, -1, -1, -1, -1, -1, -1, -1, 1, 1]	-31.0
Time limit: 3.000000
{'qpu_access_time': 163693, 'charge_time': 2992594, 'run_time': 2992594, 'problem_id': 'baa9a7e3-5017-434c-a556-3a1af8cfacb3'}
[1, 1, -1, 1, -1, 1, -1, -1, 1, 1, 1, 1, 1, -1, 1, -1, -1, 1, -1, -1, -1, -1, 1, -1, -1, -1, -1, -1, -1, -1, -1, -1, 1, 1, 1, 1]	-31.0
Time limit: 3.000000
{'qpu_access_time': 142097, 'charge_time': 2997441, 'run_time': 2997441, 'problem_id': 'e58b8f65-687e-4724-89a3-c127a213caf5'}
[1, -1, 1, -1, 1, 1, 1, 1, 1, -1, -1, 1, -1, 1, -1, 1, -1, -1, -1, 1, -1, -1, -1, -1, 1, -1, 1, 1, -1, 1, -1, 1, -1, -1, -1, -1]	-31.0
Time limit: 3.000000
{'qpu_access_time': 162512, 'charge_time': 2985590, 'run_time': 2985590, 'problem_id': 'bb6796a7-7c9e-4d74-95d5-5686630aef08'}
[1, 1, -1, 1, -1, 1, -1, -1, 1, 1, 1, 1, 1, -1, 1, -1, -1, 1, -1, -1, -1, -1, 1, -1, -1, -1, -1, -1, -1, -1, -1, -1, 1, 1, 1, 1]	-31.0
Time limit: 3.000000
{'qpu_access_time': 141918, 'charge_time': 2989540, 'run_time': 2989540, 'problem_id': '2c44357a-b244-4be1-b471-43711a73a2cf'}
[-1, 1, 1, 1, 1, -1, 1, 1, 1, -1, -1, 1, -1, -1, -1, -1, 1, -1, 1, 1, -1, 1, -1, 1, 1, -1, -1, -1, -1, 1, -1, 1, -1, -1, -1, -1]	-31.0
Time limit: 3.000000
{'qpu_access_time': 102064, 'charge_time': 2986931, 'run_time': 2986931, 'problem_id': '160017c8-47e9-4627-944d-97d06c92b467'}
[1, 1, -1, 1, -1, -1, 1, 1, 1, 1, 1, -1, 1, -1, 1, -1, -1, -1, 1, -1, -1, -1, -1, 1, -1, -1, -1, -1, 1, -1, 1, -1, 1, 1, -1, -1]	-31.0
Time limit: 3.000000
{'qpu_access_time': 100725, 'charge_time': 2986177, 'run_time': 2986177, 'problem_id': '1974263b-98c2-46e7-8b45-ec61c174c5f0'}
[1, 1, -1, 1, -1, -1, 1, 1, 1, 1, 1, -1, 1, -1, 1, -1, -1, -1, 1, -1, -1, -1, -1, 1, -1, -1, -1, -1, 1, -1, 1, -1, 1, 1, -1, -1]	-31.0
Time limit: 3.000000
{'qpu_access_time': 142189, 'charge_time': 2996154, 'run_time': 2996154, 'problem_id': 'fe23917f-11f7-4780-ac19-11ac29e1980f'}
[-1, 1, 1, 1, 1, -1, 1, 1, -1, 1, 1, -1, -1, -1, -1, -1, 1, -1, 1, -1, 1, 1, -1, 1, -1, 1, -1, -1, 1, -1, 1, -1, -1, -1, -1, -1]	-31.0
Time limit: 3.000000
{'qpu_access_time': 142096, 'charge_time': 2988023, 'run_time': 2988023, 'problem_id': '7783d72d-bff0-4fee-a4b1-b46dae10fa63'}
[1, -1, 1, -1, 1, 1, 1, 1, 1, -1, -1, 1, -1, 1, -1, 1, -1, -1, -1, 1, -1, -1, -1, -1, 1, -1, 1, 1, -1, 1, -1, 1, -1, -1, -1, -1]	-31.0
Time limit: 3.000000
{'qpu_access_time': 142144, 'charge_time': 2987842, 'run_time': 2987842, 'problem_id': '182b0c00-346d-441f-88db-fadfc92f2631'}
[1, -1, 1, -1, 1, 1, 1, 1, 1, -1, -1, 1, -1, 1, -1, 1, -1, -1, -1, 1, -1, -1, -1, -1, 1, -1, 1, 1, -1, 1, -1, 1, -1, -1, -1, -1]	-31.0
Time limit: 3.000000
{'qpu_access_time': 162848, 'charge_time': 2987416, 'run_time': 2987416, 'problem_id': '341d5925-80d2-4dde-97f7-4347c5fb563e'}
[1, 1, -1, -1, 1, 1, -1, 1, 1, 1, -1, 1, 1, -1, -1, 1, -1, 1, -1, -1, -1, -1, -1, -1, 1, -1, -1, 1, -1, -1, -1, 1, 1, -1, 1, -1]	-31.0
Time limit: 3.000000
{'qpu_access_time': 122559, 'charge_time': 2994073, 'run_time': 2994073, 'problem_id': '89fcd8af-81b9-44fc-b06e-4ee7b36f90cc'}
[1, 1, -1, 1, -1, 1, -1, -1, 1, 1, 1, 1, 1, -1, 1, -1, -1, 1, -1, -1, -1, -1, 1, -1, -1, -1, -1, -1, -1, -1, -1, -1, 1, 1, 1, 1]	-31.0
Time limit: 3.000000
{'qpu_access_time': 162585, 'charge_time': 2997597, 'run_time': 2997597, 'problem_id': '9e963353-9312-444d-be3d-1923fd17d877'}
[1, 1, -1, 1, -1, 1, -1, -1, 1, 1, 1, 1, 1, -1, 1, -1, -1, 1, -1, -1, -1, -1, 1, -1, -1, -1, -1, -1, -1, -1, -1, -1, 1, 1, 1, 1]	-31.0
Time limit: 3.000000
{'qpu_access_time': 101837, 'charge_time': 2985914, 'run_time': 2985914, 'problem_id': '9d5762fd-82a2-4238-9e62-0de15196220e'}
[1, -1, 1, 1, -1, 1, 1, -1, 1, -1, 1, 1, -1, 1, 1, -1, -1, -1, -1, 1, -1, -1, 1, -1, -1, -1, 1, -1, -1, 1, -1, -1, -1, 1, -1, 1]	-31.0
Time limit: 3.000000
{'qpu_access_time': 142060, 'charge_time': 2988081, 'run_time': 2988081, 'problem_id': '14bba418-b49e-4b1d-8557-f8eba9ae396d'}
[1, 1, -1, -1, 1, 1, -1, 1, 1, 1, -1, 1, 1, -1, -1, 1, -1, 1, -1, -1, -1, -1, -1, -1, 1, -1, -1, 1, -1, -1, -1, 1, 1, -1, 1, -1]	-31.0
Time limit: 3.000000
{'qpu_access_time': 101197, 'charge_time': 2981905, 'run_time': 2981905, 'problem_id': 'ea0b6777-c599-4c03-8ef9-727da411033f'}
[-1, 1, 1, 1, 1, 1, -1, -1, -1, 1, 1, 1, -1, -1, -1, -1, 1, 1, -1, -1, 1, 1, 1, -1, -1, 1, -1, -1, -1, -1, -1, -1, -1, -1, 1, 1]	-31.0
Time limit: 3.000000
{'qpu_access_time': 141921, 'charge_time': 2995565, 'run_time': 2995565, 'problem_id': '9657b30f-b1fa-46cc-aef1-a1780a1ff0a4'}
[-1, 1, 1, 1, 1, -1, 1, 1, 1, -1, -1, 1, -1, -1, -1, -1, 1, -1, 1, 1, -1, 1, -1, 1, 1, -1, -1, -1, -1, 1, -1, 1, -1, -1, -1, -1]	-31.0
Time limit: 3.000000
{'qpu_access_time': 163153, 'charge_time': 2988197, 'run_time': 2988197, 'problem_id': '1cb18273-b8db-42d1-a46d-da069fcf9af8'}
[1, -1, 1, -1, 1, 1, 1, 1, -1, 1, 1, -1, -1, 1, -1, 1, -1, -1, -1, -1, 1, -1, -1, -1, -1, 1, 1, 1, 1, -1, 1, -1, -1, -1, -1, -1]	-31.0
Time limit: 3.000000
{'qpu_access_time': 160827, 'charge_time': 2993988, 'run_time': 2993988, 'problem_id': '026474f2-a34c-49ec-9245-92a3263aa40f'}
[1, -1, 1, -1, 1, 1, 1, 1, 1, -1, -1, 1, -1, 1, -1, 1, -1, -1, -1, 1, -1, -1, -1, -1, 1, -1, 1, 1, -1, 1, -1, 1, -1, -1, -1, -1]	-31.0
Time limit: 3.000000
{'qpu_access_time': 141087, 'charge_time': 2988228, 'run_time': 2988228, 'problem_id': '3fb987b9-3feb-4b45-8114-ffc63c9c966e'}
[1, -1, 1, -1, 1, 1, 1, 1, 1, -1, -1, 1, -1, 1, -1, 1, -1, -1, -1, 1, -1, -1, -1, -1, 1, -1, 1, 1, -1, 1, -1, 1, -1, -1, -1, -1]	-31.0
Time limit: 3.000000
{'qpu_access_time': 141404, 'charge_time': 2996281, 'run_time': 2996281, 'problem_id': '13b11848-f1db-4a0b-a67b-b6dac1106c86'}
[1, 1, -1, -1, 1, 1, -1, 1, 1, 1, -1, 1, 1, -1, -1, 1, -1, 1, -1, -1, -1, -1, -1, -1, 1, -1, -1, 1, -1, -1, -1, 1, 1, -1, 1, -1]	-31.0
Time limit: 3.000000
{'qpu_access_time': 142496, 'charge_time': 2997053, 'run_time': 2997053, 'problem_id': '4fd2399f-5624-45aa-8195-c03a771ef64d'}
[-1, 1, 1, 1, 1, 1, -1, -1, -1, 1, 1, 1, -1, -1, -1, -1, 1, 1, -1, -1, 1, 1, 1, -1, -1, 1, -1, -1, -1, -1, -1, -1, -1, -1, 1, 1]	-31.0
Time limit: 3.000000
{'qpu_access_time': 163308, 'charge_time': 2984875, 'run_time': 2984875, 'problem_id': 'cb3dbf7a-24ce-4308-a610-936cd701a133'}
[1, 1, -1, -1, 1, 1, -1, 1, 1, 1, -1, 1, 1, -1, -1, 1, -1, 1, -1, -1, -1, -1, -1, -1, 1, -1, -1, 1, -1, -1, -1, 1, 1, -1, 1, -1]	-31.0
Time limit: 3.000000
{'qpu_access_time': 161981, 'charge_time': 2995545, 'run_time': 2995545, 'problem_id': 'a5afeade-bf3e-4263-9bcb-8d43005123d0'}
[-1, 1, 1, 1, 1, -1, 1, 1, 1, -1, -1, 1, -1, -1, -1, -1, 1, -1, 1, 1, -1, 1, -1, 1, 1, -1, -1, -1, -1, 1, -1, 1, -1, -1, -1, -1]	-31.0
Time limit: 3.000000
{'qpu_access_time': 79413, 'charge_time': 2984569, 'run_time': 2984569, 'problem_id': '387c63e7-e005-4550-b667-ab45ca6a6ca5'}
[1, 1, -1, -1, 1, 1, -1, 1, 1, 1, -1, 1, 1, -1, -1, 1, -1, 1, -1, -1, -1, -1, -1, -1, 1, -1, -1, 1, -1, -1, -1, 1, 1, -1, 1, -1]	-31.0
Time limit: 3.000000
{'qpu_access_time': 162531, 'charge_time': 2991222, 'run_time': 2991222, 'problem_id': 'cdb1eb7f-1859-4bf3-94c5-424fc150d6ba'}
[-1, 1, 1, 1, 1, 1, -1, -1, -1, 1, 1, 1, -1, -1, -1, -1, 1, 1, -1, -1, 1, 1, 1, -1, -1, 1, -1, -1, -1, -1, -1, -1, -1, -1, 1, 1]	-31.0
Time limit: 3.000000
{'qpu_access_time': 142374, 'charge_time': 2990056, 'run_time': 2990056, 'problem_id': 'cdd7722c-6661-4b8d-883a-47738eb2c543'}
[1, 1, -1, 1, -1, 1, -1, -1, 1, 1, 1, 1, 1, -1, 1, -1, -1, 1, -1, -1, -1, -1, 1, -1, -1, -1, -1, -1, -1, -1, -1, -1, 1, 1, 1, 1]	-31.0
Time limit: 3.000000
{'qpu_access_time': 163081, 'charge_time': 2991313, 'run_time': 2991313, 'problem_id': '526986e3-3fc2-410e-b313-b6612899a40b'}
[1, 1, -1, 1, -1, -1, 1, 1, 1, 1, 1, -1, 1, -1, 1, -1, -1, -1, 1, -1, -1, -1, -1, 1, -1, -1, -1, -1, 1, -1, 1, -1, 1, 1, -1, -1]	-31.0
Time limit: 3.000000
{'qpu_access_time': 141617, 'charge_time': 2994018, 'run_time': 2994018, 'problem_id': 'a2a5fec9-0c88-4173-9d32-fd42484daec9'}
[1, -1, 1, -1, 1, 1, 1, 1, -1, 1, 1, -1, -1, 1, -1, 1, -1, -1, -1, -1, 1, -1, -1, -1, -1, 1, 1, 1, 1, -1, 1, -1, -1, -1, -1, -1]	-31.0
Time limit: 3.000000
{'qpu_access_time': 162345, 'charge_time': 2999336, 'run_time': 2999336, 'problem_id': '7b008a0c-0973-4f12-bacd-373962b11abf'}
[-1, 1, 1, 1, 1, 1, -1, -1, -1, 1, 1, 1, -1, -1, -1, -1, 1, 1, -1, -1, 1, 1, 1, -1, -1, 1, -1, -1, -1, -1, -1, -1, -1, -1, 1, 1]	-31.0
Time limit: 3.000000
{'qpu_access_time': 163533, 'charge_time': 2993031, 'run_time': 2993031, 'problem_id': '1d66d14c-5956-464e-8a94-6462d34f19ba'}
[1, -1, 1, -1, 1, 1, 1, 1, -1, 1, 1, -1, -1, 1, -1, 1, -1, -1, -1, -1, 1, -1, -1, -1, -1, 1, 1, 1, 1, -1, 1, -1, -1, -1, -1, -1]	-31.0
