-2.500000
-2.500000
-2.500000
-2.500000
-3.000000
-3.000000
-2.500000
-2.500000
-3.000000
-2.500000
-3.000000
-3.000000
-3.000000
-3.500000
-2.500000
-3.000000
-2.500000
-2.500000
-2.500000
-3.000000
-2.500000
-2.500000
-2.500000
-2.500000
-3.000000
-2.500000
-3.000000
-2.500000
-3.000000
-3.000000
-2.500000
-2.500000
-2.500000
12.000000
12.000000
12.750000
12.750000
12.000000
12.750000
12.750000
12.000000
12.000000
12.750000
12.750000
12.000000
12.000000
12.750000
13.875000
13.875000
13.875000
12.750000
12.750000
12.750000
12.000000
12.750000
12.750000
12.000000
12.000000
12.750000
12.750000
13.875000
13.875000
12.750000
12.000000
12.000000
12.750000
12.750000
12.750000
13.875000
13.875000
12.750000
12.750000
13.875000
12.750000
12.750000
12.750000
13.875000
13.875000
13.875000
13.875000
12.750000
12.000000
12.000000
12.750000
12.750000
12.750000
12.000000
12.750000
12.000000
12.000000
12.750000
12.000000
12.750000
12.750000
12.750000
12.000000
12.000000
12.000000
12.750000
12.750000
12.750000
12.000000
13.875000
13.875000
12.750000
12.750000
13.875000
12.000000
13.875000
12.750000
12.750000
12.750000
12.000000
-10.750000
-21.500000
