0111010101010101011110110001011000000100010101000001000010000000100001010000000100000100101110010000000000000000010
0111011010000110110110110101011000000110010110000001000000000100000000000000000100100011100010010000010000000000000
1011000101111010010110111000101100100000010001000000000010000010110010100001000000100000010001010000100100000100001
1011000111010010100111001111001100100000100001000000000001100001000000100000000000100001000001010010001001010000000
1100101100110000111011101100011101010001000000001000011001000000010000000000000000000010010100010110000000000010000
1101000100111010110011101100100111000001000001000000000001000000010010100100000000100010010000001110000110000000010
1010011101101110100011000101100110101000100000000010010001000011000100001100001000100000000000001000000010010000010
0111100100101011110011001101010010000101101001000000000001000000000100000100000010110010100000001010000000000001010
1011000101110101011111010001100010100000100001000000000010000010100101010000001000001000101100101000000000000000010
0111100110000011110111001111000010000110101001010000000001000000000000000000000010110011100000101010001001000000011
0111010101001111011000110010001110000100010101000001000010000000100000001010010011000100010000000001000000000000110
1011000101101111010111001101000010100000100001000000000001000010100100001001100010110000100000101010000000000000001
1010101101110000011111001101011000110000100000001000011001000010100100000000000000000000101110010010000000000000010
0111010110010010111000110001111010000110010101000001000010000000000000100000000001000010100000000000000000001101100
1010101101110000011111010010101100110000100000001000011010000010101000000000000000000000011101010000000000000100010
1011001011010000011110111110001100100000010010000000001000100000100000000000000000000000011101010001111000000000000
0111010110000111110110110001100010000110010101000001000010000100000000000000001010101011100000101000000000000000001
1011000110100111110111010001011000100000100001000000000010010100000100000000000110100111100010010000000000000000010
1010011111000101101010101101000110101000010000000000110101100101000000000000100000010000000100001000000000010000000
0110111110000010110110110001111000000110010000110001010010000000000000000000000000100011100010010000000000001100010
1100101101001001011011101110000111010000000000000000010101000000100000000010000000010000010100001111001000000000000
1010101110100010110110111000101100110000010000010000010010010000010000000000000000100011010001010000100100000100001
1101000100101111110011101100000111000001000001000000000001000000010000001100100010110010010000001110000000000000010
1100011110010000111011100110011101001010000000000010011001000000000000000000000000000010010100010101000000100010000
0111011010000110110110110101100010000110010110000001000000000100000000000000001000100011100000101000010010000000010
1011001011001010010110111110001100100000010010000000000000101000100000000001000000100000010001010001111000000000000
1011000101110101011111010001100010100000100001000000000010000010100101010000001000001000101100101000000000000000010
1011001001111000011011010110011100100000100010000000001000000010101010000010000000000000010100010000010000100010000
1011000111010001011111010011011000100000100001000000000010100000100000010000000000000100101110010000000001100000000
1010011111001001011010110010011100101000010000000001010110101000100000000010000000000100010100010001000000100010011
0111100101010001011110111001011000000100011001001000000010000000100000010000000000000100101110010000100000000000000
1010101101101001011011010010011100110000100000000000010110000010101000000010000000000100010100010000000000100010010
1010011101110100101011000101100110101000100000000010011001000011000101000000001000000000000100001000000010010000010
0110111101010000101011000111011100000100100000101010011001000001000000000000000000000000000100010000000001110010000
1010011101101110010110101100001100101000010000000000110001000010110000001001100000100000010001010000000000000000010
1011000101111010011001001110001110100000100001000000000001000010101010100010000001000000010000000010001000000000100
1101000100110110110111101100001101000001000001000000000001000000010001100000100000100011010001010110000000000000010
0111101000100110110111010101100010000101101010000100000000000000000100000000001000100011100000101000010010000000010
0111010101010101101010110001011100000100010101000001000010000001000001010000000100000100000100010000000000010010000
1010011110101010110010101100100110101000010000000000110001011000010000000100000000100010010000001000000110000000010
0111100100101011110011010001110010000101101001000000000010000000000100000100000010101010100000001000000000001001010
1100011110000110110111100101011001001010000000000010010001000100000000000000000100100011100010010100000000000000000
1011001010100110110111010101100010100000100010000000000000010100000100000000001000100011100000101000010010000000000
0110111101000110100110110001101100000100010000100101010010000001000000000000001000100001000001010000000000010100000
1101000101001111010111101101000011000000000001000000000001000000100000001001100010110000100000101110000000000000000
0110111100100110111000110000101110000101010000100101010010000000010000000000001001000010010000000000000000000100100
0111100101001011011000111010001110000100011001000000000010000000100000000010000011000100010000000001101000000000100
1011001011001001011010111110000110100000010010000000000100101000100000000010000000010000010100001001111000000000010
0110111101000110011101000111001010000100100000100110010001000000100000000000010001000000101000100000000001000000100
1010011111001001011011000111010010101000100000000010010101101000100000000010000000010000100100001000000001100001011
