-2.500000
-2.500000
-2.500000
-2.500000
-3.000000
-3.000000
-2.500000
-2.500000
-3.000000
-2.500000
-3.000000
-3.000000
-3.000000
-3.500000
-2.500000
-3.000000
-2.500000
-2.500000
-2.500000
-3.000000
-2.500000
-2.500000
-2.500000
-2.500000
-3.000000
-2.500000
-3.000000
-2.500000
-3.000000
-3.000000
-2.500000
-2.500000
-2.500000
17.000000
17.000000
17.750000
17.750000
17.000000
17.750000
17.750000
17.000000
17.000000
17.750000
17.750000
17.000000
17.000000
17.750000
18.875000
18.875000
18.875000
17.750000
17.750000
17.750000
17.000000
17.750000
17.750000
17.000000
17.000000
17.750000
17.750000
18.875000
18.875000
17.750000
17.000000
17.000000
17.750000
17.750000
17.750000
18.875000
18.875000
17.750000
17.750000
18.875000
17.750000
17.750000
17.750000
18.875000
18.875000
18.875000
18.875000
17.750000
17.000000
17.000000
17.750000
17.750000
17.750000
17.000000
17.750000
17.000000
17.000000
17.750000
17.000000
17.750000
17.750000
17.750000
17.000000
17.000000
17.000000
17.750000
17.750000
17.750000
17.000000
18.875000
18.875000
17.750000
17.750000
18.875000
17.000000
18.875000
17.750000
17.750000
17.750000
17.000000
-15.750000
-31.500000
-63.000000
