1100011110000101111011100110000111001010000000000010010101000100000000000000010000010010010100001101000000000000001
1011000101101111010111010010001100100000100001000000000010000010101000001001010010100100010001010000000000000000001
1100101101000101011111110001100011010000000000000100010110000000100000000000001000001000101100101100000000000000010
1011000101110110101001010001101110100000100001000000000010000011000101100000001001000000000000000000000000010100100
1101000110010010110111101101100011000010000001000000000001000000000000100000000000100011100000101110000110000000010
1101000100101111110011110000100111000001000001000000000010000000010000001100001010101010010000001100000000000000010
0111101010000010111000111110001110000110011010010000000000000000000000000000000001000010010000000001111000000000100
0111011010001010110010110101110010000110010110000001000000001000000000000100000000100010100000001000010010001001001
1011000101101111010111010001100010100000100001000000000010000010100100001001001010101000100000101000000000000000001
1011000110101011110010111000011100100000010001000000000010011000010000000100000010100110010000010000100000000010001
0111101010000010111000111110001110000110011010010000000000000000000000000000000001000010010000000001111000000000100
1011000101110101011111001101000010100000100001000000000001000010100101010000100000010000101100101010000000000000011
1011000111010001101011001111000110100000100001000000000001100001000000010000000000010000000100001010001001010000000
1100101100110000111011101100011101010001000000001000011001000000010000000000000000000010010100010110000000000010010
1101000110001011110011110010011101000010000001000000000010001000000000000100000010100110010000010101000000100010001
1010101111000001011110111001100010110000010000010000010110100000100000000000000000001000101100101000100100000000011
1100101100110000111011101100100111010001000000001000011001000000010000000000000000000010010100001110000110000000001
1011001010110000111010111100100110100000010010000000001000010000010000000000000000000010010100001000110110000000000
0111101001010000101011010111011100000100101010001000001000000001000000000000000000000000000100010000010001110010000
1011000101110101101011010001011100100000100001000000000010000011000101010000000100000100000100010000000000010010010
1101001000101110110011110100100111000001000010000000000000000000010000001100001000100010010000001100010010000000000
0111101001000110100110111101001100000100011010000100000000000001000000000000100000100001000001010000110000010000000
1010101111000001101011010011100110110000100000010000010110100001000000000000000000001000000100001000000001010000000
1101000101011001011011110001110011000000000001000000000010000000100010010010000000001000100100001100000000001001000
0111011000110100111010110100011100000101010110000001001000000000010001000000000100000010010100010000010000000010001
0111101000110000111010111100011100000101011010001000001000000000010000000000000000000010010100010000110000000010010
1100011100101110110011100100011101001001000000000010010001000000010000001100000100100010010000010100000000000010001
1011001001101110100011010101100110100000100010000000000000000011000100001100001000100000000000001000010010010000000
0111100101001011010110111001100010000100011001000000000010000000100000000001000010101000100000101000100100000000010
1010101101110000101011001101011100110000100000001000011001000011000100000000000000000000000100010010000000010010010
0110111110000010110110101101100010000110010000110000110001000000000000000000000000100011100000101000000110000000001
1010011110100110111000110000101110101000010000000001010010010100010000000000001001000010010000000000000000000100110
0111100101000111011100111001001010000100011001000100000010000000100000000000100011000100101000100000100000000000101
1100101101001001011011110001110011010000000000000000010110000000100000000010000000001000100100001100000000001001000
1011000101110101011111010001100010100000100001000000000010000010100101010000001000001000101100101000000000000000001
0110111110000010110111000111011000000110100000110010010001000000000000000000000000100011100010010000000001100000001
1011000101110110100111010001101100100000100001000000000010000011000101100000001000100001000001010000000000010100001
1011000111010001101011010011011100100000100001000000000010100001000000010000000000000100000100010000000001110010000
1011000101110101011111010010001100100000100001000000000010000010101001010000010000000100011101010000000000000000001
0110111110000010110110110010101100000110010000110001010010000000000000000000000000100011010001010001000000000100001
1010011111010000011111000111100010101000100000000010011001100000100000000000000000000000101100101000000011000000001
1100011110001010110011100110100111001010000000000010010001001000000000000100000000100010010000001101000010000000010
0111100100110001111011010010011100000101101001001000000010000000001000010000000000000110010100010000000000100010001
0110111100100101111011000101010010000101100000100110010101000000000100000000000100010010100100001000000000000001011
1100101101001010010111101110001101010000000000000000010001000000100000000001000000100000010001010111001000000000000
0111010101011001011010110010100110000100010101000001000010000000100010010010000000001000010100001001000000000000010
1011000110101011110011010010100110100000100001000000000010011000001000000100000010101010010000001000000000000000000
0111100101010010100111001111001100000100101001001000000001000001000000100000000000100001000001010010001001010000001
1011000101111010010111010010101100100000100001000000000010000010101010100001000000100000010001010000000000000100010
1011000101111001011010111000011100100000010001000000000010000010110010010010000000000100010100010000100000000010001
