Time limit: 6.000000
{'qpu_access_time': 353872, 'charge_time': 5989909, 'run_time': 5989909, 'problem_id': '12ce6cff-ae12-4b6e-9ad8-60677d921c08'}
[1, 1, -1, -1, -1, 1, 1, 1, 1, -1, -1, -1, -1, 1, -1, 1, 1, 1, 1, -1, 1, 1, 1, -1, -1, 1, 1, -1, -1, -1, -1, 1, 1, 1, -1, -1, 1, -1, 1, -1, -1, -1, -1, -1, -1, -1, -1, -1, -1, -1, 1, -1, -1, 1, -1, 1, -1, 1, -1, -1, -1, 1, -1, -1, -1, -1, -1, -1, -1, -1, -1, -1, -1, -1, -1, -1, -1, 1, -1, -1, -1, -1, -1, 1, -1, -1, 1, -1, -1, 1, -1, 1, -1, -1, -1, -1, 1, 1, -1, 1, -1, -1, -1, -1, -1, -1, -1, -1, -1, -1, -1, -1, -1, -1, 1]	-441.25
Time limit: 6.000000
{'qpu_access_time': 307300, 'charge_time': 5994029, 'run_time': 5994029, 'problem_id': 'e509f63e-e7ac-4bc4-a451-9a2295e3296d'}
[1, -1, 1, 1, -1, -1, -1, 1, -1, 1, 1, -1, 1, 1, 1, 1, -1, 1, -1, 1, 1, 1, -1, 1, -1, -1, 1, -1, -1, -1, 1, 1, -1, -1, 1, -1, -1, -1, -1, -1, 1, -1, -1, -1, -1, 1, -1, -1, -1, -1, -1, -1, -1, -1, -1, -1, 1, -1, -1, -1, -1, -1, 1, -1, 1, -1, 1, -1, -1, -1, -1, -1, 1, -1, -1, 1, -1, 1, -1, -1, 1, -1, 1, -1, -1, 1, -1, -1, -1, 1, -1, -1, -1, 1, -1, 1, -1, -1, -1, -1, -1, -1, -1, -1, -1, -1, -1, -1, -1, -1, -1, -1, -1, -1, 1]	-441.25
Time limit: 6.000000
{'qpu_access_time': 313872, 'charge_time': 5998528, 'run_time': 5998528, 'problem_id': '621114c2-5a19-419e-a7be-a0225df846f5'}
[1, 1, -1, -1, 1, -1, 1, 1, -1, 1, -1, -1, -1, 1, -1, 1, -1, 1, 1, 1, 1, 1, 1, 1, -1, -1, -1, 1, 1, -1, -1, -1, 1, 1, -1, 1, -1, -1, -1, -1, -1, -1, -1, -1, -1, -1, -1, -1, -1, 1, -1, -1, -1, 1, -1, 1, 1, -1, -1, -1, -1, -1, -1, -1, 1, -1, -1, -1, -1, -1, -1, -1, -1, -1, -1, -1, -1, -1, 1, -1, -1, -1, -1, -1, 1, -1, -1, -1, 1, -1, 1, 1, -1, -1, 1, -1, 1, 1, -1, -1, -1, -1, -1, -1, -1, -1, -1, -1, -1, -1, -1, -1, -1, 1, -1]	-441.25
Time limit: 6.000000
{'qpu_access_time': 312963, 'charge_time': 5991516, 'run_time': 5991516, 'problem_id': 'f16bbcac-2605-42a3-be28-8b82ee94b279'}
[1, -1, 1, 1, -1, -1, -1, 1, -1, 1, 1, 1, -1, 1, 1, -1, 1, -1, 1, -1, -1, 1, -1, 1, -1, -1, -1, 1, 1, -1, 1, 1, 1, -1, 1, -1, -1, -1, -1, -1, 1, -1, -1, -1, -1, 1, -1, -1, -1, -1, -1, -1, -1, -1, -1, -1, 1, -1, -1, -1, -1, -1, 1, 1, -1, -1, -1, 1, -1, 1, 1, -1, -1, -1, -1, -1, -1, -1, 1, -1, -1, 1, -1, -1, -1, -1, -1, -1, -1, -1, -1, -1, -1, -1, -1, -1, -1, -1, -1, -1, -1, -1, -1, -1, -1, -1, -1, 1, -1, 1, -1, -1, 1, -1, -1]	-441.25
Time limit: 6.000000
{'qpu_access_time': 307254, 'charge_time': 5990989, 'run_time': 5990989, 'problem_id': 'ab18f547-4bf2-43f3-8bda-6965e08c36a0'}
[1, 1, -1, 1, -1, -1, -1, 1, 1, -1, -1, 1, -1, -1, 1, -1, 1, 1, -1, 1, 1, 1, 1, -1, 1, 1, -1, 1, 1, -1, -1, -1, 1, 1, -1, -1, -1, -1, 1, -1, -1, -1, -1, -1, -1, 1, -1, -1, -1, -1, -1, -1, -1, -1, -1, -1, -1, 1, -1, -1, -1, -1, -1, -1, -1, -1, -1, -1, -1, -1, 1, -1, -1, -1, -1, -1, -1, -1, -1, -1, -1, -1, 1, -1, -1, -1, 1, 1, 1, -1, -1, -1, -1, -1, 1, -1, 1, 1, 1, -1, -1, -1, -1, 1, 1, -1, -1, -1, -1, -1, -1, -1, -1, 1, -1]	-441.25
Time limit: 6.000000
{'qpu_access_time': 354980, 'charge_time': 5996686, 'run_time': 5996686, 'problem_id': 'df05ff86-0547-4b66-a8af-2727a1890426'}
[1, 1, -1, 1, -1, -1, -1, 1, -1, -1, 1, -1, 1, 1, 1, 1, 1, 1, -1, -1, 1, 1, 1, 1, -1, -1, -1, -1, 1, -1, -1, 1, 1, 1, -1, -1, -1, -1, -1, 1, -1, -1, -1, -1, -1, 1, -1, -1, -1, -1, -1, -1, -1, -1, -1, -1, 1, -1, -1, -1, -1, -1, -1, -1, -1, 1, -1, -1, -1, -1, -1, -1, 1, 1, -1, -1, -1, -1, 1, -1, 1, -1, 1, -1, 1, -1, 1, -1, -1, 1, -1, -1, -1, -1, -1, -1, 1, 1, -1, -1, -1, -1, -1, -1, -1, -1, -1, -1, -1, -1, -1, -1, -1, 1, -1]	-441.25
Time limit: 6.000000
{'qpu_access_time': 312939, 'charge_time': 5991864, 'run_time': 5991864, 'problem_id': 'ea1980ba-822f-4147-a095-f2f898a4bd62'}
[-1, 1, 1, 1, 1, -1, 1, -1, 1, -1, -1, -1, -1, -1, 1, -1, 1, 1, 1, -1, -1, -1, 1, 1, 1, 1, 1, -1, -1, -1, 1, 1, 1, -1, -1, -1, -1, 1, 1, -1, -1, 1, 1, -1, 1, -1, -1, 1, -1, -1, -1, -1, -1, -1, -1, -1, -1, -1, -1, -1, -1, -1, -1, -1, -1, -1, -1, -1, -1, -1, -1, -1, -1, -1, -1, -1, -1, -1, -1, -1, -1, 1, -1, -1, -1, -1, 1, -1, -1, 1, -1, -1, -1, -1, -1, -1, -1, -1, -1, 1, 1, 1, 1, -1, -1, -1, -1, -1, -1, -1, -1, -1, 1, -1, -1]	-441.25
Time limit: 6.000000
{'qpu_access_time': 315266, 'charge_time': 5997648, 'run_time': 5997648, 'problem_id': '4109ce51-ad16-4bfd-8abb-4e2d6c57ca05'}
[-1, 1, 1, 1, -1, 1, 1, -1, 1, -1, -1, -1, 1, -1, 1, -1, 1, 1, -1, -1, 1, -1, 1, 1, -1, 1, -1, 1, 1, 1, -1, -1, 1, -1, -1, -1, -1, 1, 1, -1, -1, 1, -1, 1, 1, -1, -1, -1, -1, -1, -1, 1, -1, -1, -1, -1, -1, -1, -1, -1, 1, -1, -1, -1, -1, -1, -1, -1, -1, -1, -1, -1, -1, 1, -1, -1, -1, -1, -1, -1, -1, -1, 1, -1, -1, -1, 1, -1, 1, -1, -1, -1, -1, -1, -1, -1, 1, -1, -1, -1, -1, 1, -1, -1, 1, -1, -1, -1, 1, -1, -1, 1, -1, -1, 1]	-441.25
Time limit: 6.000000
{'qpu_access_time': 314268, 'charge_time': 5991491, 'run_time': 5991491, 'problem_id': '1b052835-ad57-4425-b19a-05aad9b6e054'}
[1, -1, 1, 1, -1, -1, -1, 1, -1, 1, 1, -1, 1, 1, 1, 1, -1, 1, -1, 1, 1, 1, -1, 1, -1, -1, -1, 1, 1, -1, -1, -1, 1, -1, 1, -1, -1, -1, -1, -1, 1, -1, -1, -1, -1, 1, -1, -1, -1, -1, -1, -1, -1, -1, -1, -1, 1, -1, -1, -1, -1, -1, 1, -1, 1, -1, -1, 1, -1, -1, -1, -1, 1, -1, -1, 1, -1, -1, 1, -1, 1, -1, 1, -1, 1, -1, -1, -1, 1, -1, -1, -1, -1, -1, 1, -1, 1, -1, -1, -1, -1, -1, -1, -1, -1, -1, -1, -1, -1, -1, -1, -1, -1, -1, 1]	-441.25
Time limit: 6.000000
{'qpu_access_time': 347866, 'charge_time': 5995412, 'run_time': 5995412, 'problem_id': '32dd5792-ebb4-4dbb-92e7-bdbc1d61c7a1'}
[1, -1, 1, 1, -1, -1, -1, 1, 1, -1, 1, -1, 1, -1, 1, 1, 1, 1, -1, -1, 1, -1, 1, 1, 1, -1, -1, -1, -1, 1, 1, 1, -1, -1, 1, -1, -1, -1, -1, -1, -1, 1, -1, -1, -1, 1, -1, -1, -1, -1, -1, -1, -1, -1, -1, -1, 1, -1, -1, 1, 1, -1, -1, -1, -1, 1, -1, -1, -1, -1, -1, -1, -1, 1, -1, -1, -1, -1, -1, -1, 1, -1, 1, -1, -1, 1, 1, -1, -1, 1, -1, -1, -1, -1, -1, 1, -1, -1, -1, -1, 1, -1, -1, -1, -1, -1, -1, -1, -1, -1, 1, -1, -1, -1, 1]	-441.25
Time limit: 6.000000
{'qpu_access_time': 351962, 'charge_time': 5993945, 'run_time': 5993945, 'problem_id': '7fca812e-e4c2-46a8-979b-ec7497ffa7ca'}
[-1, 1, 1, 1, 1, -1, 1, -1, 1, -1, -1, -1, -1, -1, 1, -1, 1, 1, 1, -1, -1, -1, 1, 1, 1, 1, 1, -1, -1, -1, 1, 1, 1, -1, -1, -1, -1, 1, 1, -1, -1, 1, 1, -1, 1, -1, -1, 1, -1, -1, -1, -1, -1, -1, -1, -1, -1, -1, -1, -1, -1, -1, -1, -1, -1, -1, -1, -1, -1, -1, -1, -1, -1, -1, -1, -1, -1, -1, -1, -1, -1, 1, -1, -1, -1, -1, 1, -1, -1, 1, -1, -1, -1, -1, -1, -1, -1, -1, -1, 1, 1, 1, 1, -1, -1, -1, -1, -1, -1, -1, -1, -1, 1, -1, -1]	-441.25
Time limit: 6.000000
{'qpu_access_time': 313831, 'charge_time': 5993691, 'run_time': 5993691, 'problem_id': 'ff9b73c3-a2e7-448f-b99c-1cdba2eebcc5'}
[1, -1, 1, 1, -1, -1, -1, 1, -1, 1, 1, 1, -1, 1, -1, 1, -1, 1, 1, 1, 1, 1, -1, -1, 1, 1, -1, 1, -1, -1, -1, -1, 1, -1, 1, -1, -1, -1, -1, -1, 1, -1, -1, -1, -1, 1, -1, -1, -1, -1, -1, -1, -1, -1, -1, -1, -1, 1, -1, -1, -1, -1, 1, -1, 1, -1, -1, 1, -1, 1, -1, 1, -1, -1, -1, -1, 1, -1, -1, -1, -1, -1, -1, 1, -1, -1, -1, -1, 1, -1, 1, 1, -1, -1, 1, -1, 1, -1, 1, -1, -1, -1, -1, -1, -1, -1, -1, -1, -1, -1, -1, -1, -1, 1, 1]	-441.25
Time limit: 6.000000
{'qpu_access_time': 314288, 'charge_time': 5992220, 'run_time': 5992220, 'problem_id': 'f1b00900-4286-4a6b-a0cb-81db7f233e17'}
[1, -1, 1, 1, -1, -1, -1, 1, 1, 1, -1, 1, -1, -1, -1, 1, 1, -1, 1, -1, 1, 1, -1, -1, 1, 1, 1, 1, -1, -1, -1, 1, 1, -1, 1, -1, -1, -1, -1, -1, 1, -1, -1, -1, -1, 1, -1, -1, -1, -1, -1, -1, -1, -1, -1, -1, -1, 1, 1, -1, -1, -1, -1, 1, -1, -1, -1, -1, -1, -1, -1, 1, -1, -1, -1, -1, -1, -1, -1, -1, -1, -1, -1, 1, -1, -1, -1, -1, -1, -1, -1, 1, -1, -1, -1, -1, 1, -1, 1, -1, -1, -1, 1, -1, -1, 1, -1, 1, -1, -1, -1, -1, -1, -1, -1]	-441.25
Time limit: 6.000000
{'qpu_access_time': 316383, 'charge_time': 5998331, 'run_time': 5998331, 'problem_id': '41d13b01-ed89-45c1-9ae7-3d83bc453d8a'}
[1, 1, -1, -1, 1, -1, 1, 1, -1, -1, 1, 1, -1, -1, -1, -1, 1, 1, 1, -1, 1, 1, 1, -1, 1, 1, -1, -1, -1, 1, 1, 1, -1, 1, -1, 1, -1, -1, -1, 1, -1, -1, -1, -1, -1, -1, -1, -1, 1, -1, -1, -1, -1, 1, 1, -1, -1, 1, -1, -1, -1, -1, -1, -1, -1, 1, -1, -1, -1, -1, -1, -1, -1, -1, -1, -1, -1, -1, -1, -1, -1, -1, -1, -1, -1, -1, 1, -1, -1, 1, -1, 1, -1, -1, -1, 1, -1, 1, 1, -1, -1, -1, -1, -1, -1, -1, -1, -1, -1, -1, 1, -1, -1, 1, -1]	-441.25
Time limit: 6.000000
{'qpu_access_time': 353080, 'charge_time': 5988576, 'run_time': 5988576, 'problem_id': '89c860ed-476f-448a-9877-4c8ada681847'}
[1, 1, -1, 1, -1, -1, -1, 1, 1, -1, -1, -1, 1, -1, 1, 1, 1, 1, -1, -1, 1, 1, 1, 1, -1, -1, 1, -1, -1, 1, 1, 1, -1, 1, -1, -1, -1, -1, 1, -1, -1, -1, -1, -1, -1, 1, -1, -1, -1, -1, -1, -1, -1, -1, -1, -1, 1, -1, -1, -1, 1, -1, -1, -1, -1, -1, -1, -1, -1, -1, -1, -1, -1, 1, -1, -1, -1, -1, -1, -1, 1, -1, 1, -1, -1, 1, 1, -1, -1, 1, -1, -1, -1, -1, -1, 1, -1, 1, -1, 1, -1, -1, -1, -1, -1, -1, 1, -1, -1, -1, 1, -1, -1, -1, 1]	-441.25
Time limit: 6.000000
{'qpu_access_time': 347593, 'charge_time': 5988589, 'run_time': 5988589, 'problem_id': '3011c8bc-f973-4dbe-a1d2-4ce1cbdb6642'}
[1, -1, 1, -1, 1, -1, 1, 1, 1, 1, -1, -1, -1, -1, -1, 1, -1, 1, 1, 1, 1, -1, 1, 1, 1, -1, -1, 1, 1, -1, -1, -1, 1, -1, 1, 1, -1, -1, -1, -1, -1, 1, -1, -1, -1, -1, -1, 1, -1, -1, -1, -1, -1, 1, -1, 1, 1, -1, 1, -1, -1, -1, -1, -1, 1, -1, -1, -1, -1, -1, -1, -1, -1, -1, -1, -1, -1, -1, -1, -1, -1, -1, -1, -1, 1, -1, -1, -1, 1, -1, 1, 1, -1, -1, 1, -1, 1, -1, -1, -1, 1, -1, -1, 1, -1, -1, -1, -1, -1, -1, -1, -1, -1, 1, 1]	-441.25
Time limit: 6.000000
{'qpu_access_time': 268466, 'charge_time': 5998494, 'run_time': 5998494, 'problem_id': 'f3fa00ad-5eb9-4535-9ebd-f3829061d38b'}
[1, 1, -1, -1, 1, -1, 1, 1, -1, -1, 1, 1, -1, -1, -1, -1, 1, 1, 1, -1, 1, 1, 1, -1, 1, 1, -1, -1, 1, -1, -1, 1, 1, 1, -1, 1, -1, -1, -1, 1, -1, -1, -1, -1, -1, -1, -1, -1, 1, -1, -1, -1, -1, 1, 1, -1, -1, 1, -1, -1, -1, -1, -1, -1, -1, 1, -1, -1, -1, -1, -1, -1, -1, -1, -1, -1, -1, -1, -1, -1, -1, -1, -1, -1, -1, -1, 1, -1, -1, 1, -1, 1, -1, -1, -1, -1, 1, 1, 1, -1, -1, -1, -1, 1, 1, -1, -1, -1, -1, -1, -1, -1, -1, -1, 1]	-441.25
Time limit: 6.000000
{'qpu_access_time': 274655, 'charge_time': 5990746, 'run_time': 5990746, 'problem_id': '1a6d4265-cefc-4460-a2da-99799ebd10b5'}
[1, -1, 1, 1, -1, -1, 1, -1, 1, -1, 1, 1, -1, -1, -1, -1, 1, 1, 1, -1, 1, -1, 1, 1, 1, 1, -1, -1, 1, -1, -1, 1, 1, -1, 1, -1, -1, -1, -1, -1, -1, 1, -1, -1, 1, -1, -1, -1, -1, -1, -1, -1, -1, -1, 1, -1, -1, -1, -1, 1, -1, -1, -1, -1, -1, 1, -1, -1, -1, -1, -1, -1, -1, -1, -1, -1, -1, -1, -1, -1, -1, -1, -1, -1, -1, -1, 1, -1, -1, 1, -1, 1, -1, -1, -1, -1, 1, -1, -1, -1, 1, 1, -1, 1, 1, -1, -1, -1, -1, -1, -1, -1, -1, -1, -1]	-441.25
Time limit: 6.000000
{'qpu_access_time': 276144, 'charge_time': 5996366, 'run_time': 5996366, 'problem_id': '415a4993-ad62-4e4d-8738-d19d3229b862'}
[-1, 1, 1, 1, 1, -1, 1, -1, -1, 1, -1, 1, -1, -1, -1, -1, 1, -1, 1, -1, 1, 1, -1, 1, -1, 1, 1, 1, -1, 1, 1, 1, -1, -1, -1, -1, -1, 1, -1, -1, 1, -1, 1, -1, 1, -1, -1, -1, 1, -1, -1, -1, -1, -1, 1, -1, -1, -1, -1, -1, -1, -1, -1, 1, -1, -1, -1, -1, -1, -1, -1, -1, -1, -1, -1, -1, -1, -1, -1, -1, -1, -1, -1, -1, -1, -1, -1, -1, -1, -1, -1, 1, -1, -1, -1, 1, -1, -1, -1, -1, -1, 1, -1, -1, -1, 1, 1, 1, -1, -1, 1, -1, -1, -1, -1]	-441.25
Time limit: 6.000000
{'qpu_access_time': 314342, 'charge_time': 5990387, 'run_time': 5990387, 'problem_id': '7d5f066d-0cb9-4c3b-9f00-a97eefc3496a'}
[1, -1, 1, 1, -1, -1, -1, 1, -1, 1, 1, 1, -1, 1, -1, 1, 1, -1, 1, -1, 1, 1, -1, 1, -1, -1, -1, 1, -1, 1, 1, 1, -1, -1, 1, -1, -1, -1, -1, -1, 1, -1, -1, -1, -1, 1, -1, -1, -1, -1, -1, -1, -1, -1, -1, -1, 1, -1, -1, -1, -1, -1, 1, 1, -1, -1, -1, 1, -1, 1, -1, 1, -1, -1, -1, -1, -1, -1, -1, 1, -1, -1, -1, -1, -1, 1, -1, -1, -1, -1, -1, 1, -1, -1, -1, 1, -1, -1, -1, -1, -1, -1, -1, -1, -1, -1, -1, 1, -1, -1, 1, -1, -1, 1, -1]	-441.25
Time limit: 6.000000
{'qpu_access_time': 353924, 'charge_time': 5995537, 'run_time': 5995537, 'problem_id': '0c2bd35e-8afc-4aef-aa4e-eee8e33699ba'}
[1, 1, -1, 1, -1, -1, 1, -1, -1, -1, 1, -1, 1, 1, 1, -1, 1, 1, -1, -1, 1, 1, 1, 1, -1, 1, -1, -1, 1, -1, -1, 1, 1, 1, -1, -1, -1, -1, -1, 1, -1, -1, -1, -1, 1, -1, -1, -1, -1, -1, -1, -1, -1, -1, -1, -1, -1, -1, -1, -1, -1, -1, -1, -1, -1, 1, -1, -1, -1, -1, -1, -1, 1, 1, -1, -1, -1, -1, 1, -1, -1, -1, 1, -1, -1, -1, 1, -1, -1, 1, -1, -1, -1, -1, -1, -1, 1, 1, -1, -1, -1, 1, -1, -1, 1, -1, -1, -1, -1, -1, -1, -1, -1, -1, -1]	-441.25
Time limit: 6.000000
{'qpu_access_time': 314643, 'charge_time': 5989360, 'run_time': 5989360, 'problem_id': '32435731-7324-44ba-a042-767b63a0a06c'}
[-1, 1, 1, 1, 1, -1, 1, -1, -1, 1, -1, -1, -1, 1, 1, -1, 1, -1, -1, 1, 1, -1, 1, 1, 1, 1, -1, 1, -1, -1, 1, 1, -1, -1, -1, -1, -1, 1, -1, -1, -1, 1, 1, -1, 1, -1, -1, -1, -1, 1, -1, -1, -1, -1, -1, -1, -1, -1, -1, -1, -1, -1, -1, 1, -1, -1, -1, -1, -1, -1, -1, -1, -1, -1, -1, -1, 1, -1, -1, -1, -1, -1, 1, -1, -1, -1, -1, 1, -1, -1, -1, -1, -1, 1, -1, 1, -1, -1, -1, -1, 1, 1, -1, -1, -1, -1, -1, 1, -1, -1, -1, -1, -1, -1, -1]	-441.25
Time limit: 6.000000
{'qpu_access_time': 345865, 'charge_time': 5998703, 'run_time': 5998703, 'problem_id': 'f2a96314-9367-4ec2-87d9-aeaffe0c3207'}
[1, -1, 1, -1, 1, -1, 1, 1, 1, 1, -1, -1, -1, -1, -1, 1, 1, -1, 1, -1, 1, 1, -1, 1, -1, -1, 1, 1, 1, -1, -1, 1, 1, -1, 1, 1, -1, -1, -1, -1, 1, -1, -1, -1, -1, -1, -1, 1, -1, -1, -1, -1, -1, 1, -1, 1, 1, -1, 1, -1, -1, -1, -1, 1, -1, -1, -1, -1, -1, -1, -1, -1, -1, -1, -1, -1, -1, -1, -1, -1, -1, -1, -1, -1, 1, -1, -1, -1, -1, -1, -1, 1, -1, -1, -1, -1, 1, -1, -1, -1, -1, -1, -1, -1, -1, 1, -1, 1, -1, -1, -1, -1, -1, -1, -1]	-441.25
Time limit: 6.000000
{'qpu_access_time': 353789, 'charge_time': 5996006, 'run_time': 5996006, 'problem_id': '1dc18b2a-0b81-4aea-ba27-d0c6f0e5a146'}
[1, 1, -1, 1, -1, -1, -1, 1, -1, 1, -1, 1, 1, -1, -1, 1, -1, 1, 1, -1, 1, 1, 1, 1, -1, -1, -1, 1, 1, 1, -1, -1, 1, 1, -1, -1, -1, -1, -1, -1, -1, -1, -1, -1, -1, 1, -1, -1, -1, -1, -1, -1, -1, -1, -1, -1, 1, -1, -1, -1, -1, -1, -1, -1, 1, -1, -1, -1, 1, -1, -1, 1, -1, -1, 1, -1, -1, -1, -1, -1, -1, -1, -1, -1, 1, -1, -1, -1, 1, -1, -1, 1, -1, -1, -1, -1, 1, 1, -1, -1, -1, -1, -1, -1, -1, -1, -1, -1, 1, -1, -1, 1, -1, -1, -1]	-441.25
Time limit: 6.000000
{'qpu_access_time': 268050, 'charge_time': 5994993, 'run_time': 5994993, 'problem_id': 'd54efa98-64ac-4686-892e-ddb17f87bd03'}
[-1, 1, 1, 1, -1, 1, 1, -1, -1, -1, 1, 1, -1, 1, -1, -1, 1, 1, 1, -1, 1, -1, 1, 1, -1, 1, -1, -1, -1, 1, 1, 1, -1, -1, -1, -1, -1, 1, -1, 1, -1, 1, -1, 1, 1, -1, -1, -1, -1, -1, -1, 1, -1, -1, 1, -1, -1, -1, -1, -1, -1, -1, -1, -1, -1, 1, -1, -1, -1, 1, -1, -1, -1, -1, -1, -1, -1, -1, -1, 1, -1, -1, -1, -1, -1, -1, 1, -1, -1, 1, -1, 1, -1, -1, -1, 1, -1, -1, -1, -1, -1, 1, -1, -1, -1, -1, -1, -1, -1, -1, 1, -1, -1, -1, 1]	-441.25
Time limit: 6.000000
{'qpu_access_time': 313444, 'charge_time': 5997972, 'run_time': 5997972, 'problem_id': 'cda7c120-8199-433a-89d5-13732d473f1f'}
[-1, 1, 1, 1, 1, -1, 1, -1, -1, -1, 1, 1, -1, -1, -1, -1, 1, 1, 1, -1, 1, -1, 1, 1, 1, 1, -1, -1, -1, 1, 1, 1, -1, -1, -1, -1, -1, 1, -1, 1, -1, 1, 1, -1, 1, -1, -1, -1, 1, -1, -1, -1, -1, -1, 1, -1, -1, -1, -1, -1, -1, -1, -1, -1, -1, 1, -1, -1, -1, -1, -1, -1, -1, -1, -1, -1, -1, -1, -1, -1, -1, -1, -1, -1, -1, -1, 1, -1, -1, 1, -1, 1, -1, -1, -1, 1, -1, -1, -1, -1, 1, 1, -1, -1, -1, -1, -1, -1, -1, -1, 1, -1, -1, 1, -1]	-441.25
Time limit: 6.000000
{'qpu_access_time': 307727, 'charge_time': 5991059, 'run_time': 5991059, 'problem_id': '6a046313-4e4f-41b2-9247-3820b43ceed3'}
[1, 1, -1, -1, -1, 1, 1, 1, -1, -1, 1, -1, 1, 1, 1, -1, 1, 1, -1, -1, 1, 1, 1, -1, -1, 1, -1, -1, -1, 1, 1, 1, -1, 1, -1, -1, 1, -1, -1, 1, -1, -1, -1, -1, -1, -1, -1, -1, -1, -1, 1, -1, -1, 1, -1, -1, -1, 1, -1, -1, -1, -1, -1, -1, -1, 1, -1, -1, -1, -1, -1, -1, 1, 1, -1, -1, -1, -1, -1, 1, -1, -1, 1, -1, -1, -1, 1, -1, -1, 1, -1, -1, -1, -1, -1, 1, -1, 1, -1, -1, -1, -1, -1, -1, -1, -1, -1, -1, -1, -1, 1, -1, -1, -1, 1]	-441.25
Time limit: 6.000000
{'qpu_access_time': 314074, 'charge_time': 5994171, 'run_time': 5994171, 'problem_id': 'f66b9c64-b3ca-4fc0-a0c6-c26833dc9bae'}
[1, -1, 1, 1, -1, -1, 1, -1, -1, 1, 1, -1, 1, 1, 1, -1, 1, -1, -1, -1, 1, 1, -1, 1, -1, 1, -1, 1, 1, -1, -1, 1, 1, -1, 1, -1, -1, -1, -1, -1, 1, -1, -1, -1, 1, -1, -1, -1, -1, -1, -1, -1, -1, -1, -1, -1, -1, -1, -1, -1, -1, -1, 1, 1, -1, -1, -1, 1, -1, -1, -1, -1, 1, 1, -1, -1, -1, -1, 1, -1, -1, -1, 1, -1, -1, -1, -1, -1, -1, -1, -1, -1, -1, -1, -1, -1, 1, -1, -1, -1, -1, 1, -1, -1, 1, -1, -1, 1, -1, -1, -1, -1, -1, -1, -1]	-441.25
Time limit: 6.000000
{'qpu_access_time': 316078, 'charge_time': 5989060, 'run_time': 5989060, 'problem_id': 'fdd71749-e709-4c72-98d4-fe362ccdb237'}
[-1, 1, 1, 1, 1, -1, -1, 1, -1, 1, -1, -1, 1, -1, 1, 1, -1, 1, -1, 1, 1, -1, 1, 1, 1, -1, -1, 1, 1, -1, -1, -1, 1, -1, -1, -1, -1, 1, -1, -1, -1, 1, 1, -1, -1, 1, -1, -1, -1, -1, -1, -1, -1, -1, -1, -1, 1, -1, -1, -1, -1, -1, -1, -1, 1, -1, -1, -1, -1, -1, -1, -1, -1, -1, -1, 1, -1, -1, -1, -1, 1, -1, 1, -1, 1, -1, -1, -1, 1, -1, -1, -1, -1, -1, 1, -1, 1, -1, -1, -1, 1, -1, -1, 1, -1, -1, -1, -1, -1, -1, -1, -1, -1, 1, -1]	-441.25
Time limit: 6.000000
{'qpu_access_time': 308364, 'charge_time': 5990146, 'run_time': 5990146, 'problem_id': 'b35b5d01-1c18-42ab-9c08-eb26342d21c6'}
[1, -1, 1, -1, 1, -1, 1, 1, -1, 1, 1, 1, -1, -1, -1, -1, 1, -1, 1, -1, 1, 1, -1, -1, 1, 1, -1, 1, -1, 1, 1, 1, -1, -1, 1, 1, -1, -1, -1, -1, 1, -1, -1, -1, -1, -1, -1, -1, 1, -1, -1, -1, -1, 1, 1, -1, -1, 1, -1, -1, -1, -1, 1, 1, -1, -1, -1, 1, -1, -1, -1, -1, -1, -1, -1, -1, -1, -1, -1, -1, -1, -1, -1, -1, -1, -1, -1, -1, -1, -1, -1, 1, -1, -1, -1, 1, -1, -1, 1, -1, -1, -1, -1, -1, -1, -1, -1, 1, -1, -1, 1, -1, -1, 1, -1]	-441.25
Time limit: 6.000000
{'qpu_access_time': 306654, 'charge_time': 5995871, 'run_time': 5995871, 'problem_id': 'a0f1b09b-ec78-4ee7-869f-873b7327b422'}
[-1, 1, 1, -1, 1, 1, 1, 1, 1, -1, -1, -1, -1, -1, 1, -1, 1, 1, -1, 1, 1, -1, 1, -1, 1, 1, -1, 1, 1, -1, -1, -1, 1, -1, -1, -1, -1, 1, 1, -1, -1, 1, -1, -1, -1, -1, 1, 1, -1, -1, -1, -1, 1, 1, -1, -1, -1, 1, -1, -1, -1, -1, -1, -1, -1, -1, -1, -1, -1, -1, -1, -1, -1, -1, -1, -1, -1, -1, -1, -1, -1, -1, 1, -1, -1, -1, 1, 1, 1, -1, -1, -1, -1, -1, 1, -1, 1, -1, -1, -1, -1, -1, -1, 1, 1, -1, -1, -1, -1, -1, -1, -1, -1, -1, 1]	-441.25
Time limit: 6.000000
{'qpu_access_time': 316405, 'charge_time': 5999702, 'run_time': 5999702, 'problem_id': 'b97e4677-7435-47f9-9181-b7f50437683a'}
[1, -1, 1, -1, -1, 1, 1, 1, 1, -1, 1, -1, -1, 1, 1, -1, 1, 1, 1, -1, -1, -1, 1, 1, -1, -1, -1, -1, 1, -1, 1, 1, 1, -1, 1, -1, 1, -1, -1, -1, -1, 1, -1, -1, -1, -1, -1, -1, -1, -1, -1, 1, -1, 1, -1, -1, 1, -1, -1, 1, -1, 1, -1, -1, -1, 1, -1, -1, -1, -1, -1, -1, -1, -1, -1, -1, -1, -1, 1, -1, -1, 1, -1, -1, -1, -1, 1, -1, -1, 1, -1, -1, -1, -1, -1, -1, -1, -1, -1, -1, -1, -1, -1, -1, -1, -1, -1, -1, -1, 1, -1, -1, 1, 1, -1]	-441.25
Time limit: 6.000000
{'qpu_access_time': 308081, 'charge_time': 5991066, 'run_time': 5991066, 'problem_id': 'e15ca186-39d5-4209-859c-501e6e3e1e5e'}
[-1, 1, 1, 1, 1, -1, -1, 1, -1, 1, -1, -1, -1, 1, 1, 1, -1, 1, 1, 1, -1, -1, 1, 1, 1, -1, -1, 1, -1, -1, 1, -1, 1, -1, -1, -1, -1, 1, -1, -1, -1, 1, 1, -1, -1, 1, -1, -1, -1, 1, -1, -1, -1, -1, -1, -1, 1, -1, -1, -1, -1, -1, -1, -1, 1, -1, -1, -1, -1, -1, -1, -1, -1, -1, -1, -1, 1, -1, -1, -1, 1, 1, -1, -1, -1, 1, -1, -1, 1, -1, 1, -1, -1, -1, 1, -1, -1, -1, -1, -1, 1, -1, -1, -1, -1, -1, -1, -1, -1, -1, -1, -1, 1, -1, 1]	-441.25
Time limit: 6.000000
{'qpu_access_time': 355610, 'charge_time': 5996320, 'run_time': 5996320, 'problem_id': '523f4e1f-a208-4fde-9655-6290ec87e944'}
[1, 1, -1, -1, 1, -1, 1, 1, -1, 1, -1, -1, 1, -1, -1, 1, -1, 1, 1, -1, 1, 1, 1, 1, -1, -1, -1, 1, 1, 1, -1, -1, 1, 1, -1, 1, -1, -1, -1, -1, -1, -1, -1, -1, -1, -1, -1, -1, -1, -1, -1, -1, -1, 1, -1, 1, 1, -1, -1, -1, -1, -1, -1, -1, 1, -1, -1, -1, -1, -1, -1, -1, -1, -1, 1, -1, -1, -1, -1, -1, -1, -1, -1, -1, 1, -1, -1, -1, 1, -1, -1, 1, -1, -1, -1, -1, 1, 1, -1, -1, -1, -1, -1, -1, -1, -1, -1, -1, 1, -1, -1, 1, -1, -1, -1]	-441.25
Time limit: 6.000000
{'qpu_access_time': 267773, 'charge_time': 5990311, 'run_time': 5990311, 'problem_id': '7eae4e74-2c98-4a0b-b4f5-aea51feee8a7'}
[1, -1, 1, 1, -1, -1, -1, 1, -1, 1, 1, 1, -1, 1, -1, 1, -1, 1, 1, 1, 1, 1, -1, 1, -1, -1, -1, 1, 1, -1, -1, -1, 1, -1, 1, -1, -1, -1, -1, -1, 1, -1, -1, -1, -1, 1, -1, -1, -1, -1, -1, -1, -1, -1, -1, -1, 1, -1, -1, -1, -1, -1, 1, -1, 1, -1, -1, 1, -1, 1, -1, 1, -1, -1, -1, -1, -1, -1, 1, -1, -1, -1, -1, -1, 1, -1, -1, -1, 1, -1, 1, 1, -1, -1, 1, -1, 1, -1, -1, -1, -1, -1, -1, -1, -1, -1, -1, -1, -1, -1, -1, -1, -1, -1, 1]	-441.25
Time limit: 6.000000
{'qpu_access_time': 268214, 'charge_time': 5998752, 'run_time': 5998752, 'problem_id': 'ff70482f-20e8-47cb-9164-c6a7fc9e9d87'}
[-1, 1, 1, -1, 1, 1, 1, 1, 1, -1, -1, -1, -1, -1, 1, -1, 1, 1, -1, 1, 1, 1, -1, -1, -1, 1, 1, 1, -1, 1, 1, -1, -1, -1, -1, -1, -1, 1, 1, -1, 1, -1, -1, -1, -1, -1, 1, 1, -1, -1, 1, -1, -1, 1, -1, -1, -1, 1, -1, -1, -1, -1, -1, -1, -1, -1, -1, -1, -1, -1, -1, -1, -1, -1, -1, -1, -1, -1, -1, -1, -1, -1, 1, -1, -1, -1, 1, 1, 1, -1, -1, -1, 1, -1, -1, 1, -1, -1, -1, -1, -1, -1, -1, -1, -1, 1, 1, -1, -1, -1, -1, -1, -1, -1, 1]	-441.25
Time limit: 6.000000
{'qpu_access_time': 268323, 'charge_time': 5990867, 'run_time': 5990867, 'problem_id': '4e7c1f96-b0c9-4ddc-95a1-d3c979690044'}
[1, -1, 1, 1, -1, -1, -1, 1, -1, 1, 1, 1, -1, 1, 1, -1, 1, -1, -1, 1, 1, 1, -1, 1, -1, -1, -1, 1, 1, -1, 1, 1, -1, -1, 1, -1, -1, -1, -1, -1, 1, -1, -1, -1, -1, 1, -1, -1, -1, -1, -1, -1, -1, -1, -1, -1, 1, -1, -1, -1, -1, -1, 1, 1, -1, -1, -1, 1, -1, 1, 1, -1, -1, -1, -1, -1, -1, -1, 1, -1, -1, -1, 1, -1, -1, -1, -1, 1, -1, -1, -1, -1, -1, 1, -1, 1, -1, -1, -1, -1, -1, -1, -1, -1, -1, -1, -1, 1, -1, 1, -1, -1, -1, -1, 1]	-441.25
Time limit: 6.000000
{'qpu_access_time': 313510, 'charge_time': 5988168, 'run_time': 5988168, 'problem_id': '16820ba6-c99e-4a8b-b590-93811ea173f3'}
[1, -1, 1, 1, -1, -1, -1, 1, 1, 1, -1, 1, -1, -1, -1, 1, 1, -1, 1, -1, 1, 1, -1, 1, -1, -1, 1, 1, -1, 1, 1, 1, -1, -1, 1, -1, -1, -1, -1, -1, 1, -1, -1, -1, -1, 1, -1, -1, -1, -1, -1, -1, -1, -1, -1, -1, 1, -1, 1, -1, -1, -1, -1, 1, -1, -1, -1, -1, -1, -1, -1, 1, -1, -1, -1, -1, -1, -1, -1, -1, -1, -1, -1, -1, -1, 1, -1, -1, -1, -1, -1, 1, -1, -1, -1, 1, -1, -1, -1, -1, -1, -1, -1, -1, -1, 1, 1, 1, -1, -1, 1, -1, -1, -1, -1]	-441.25
Time limit: 6.000000
{'qpu_access_time': 315544, 'charge_time': 5996882, 'run_time': 5996882, 'problem_id': '5db6a96d-dc60-4910-93b7-0eae2af05a37'}
[1, -1, 1, 1, -1, -1, -1, 1, -1, 1, 1, 1, -1, 1, -1, 1, -1, 1, 1, 1, 1, 1, -1, 1, -1, -1, 1, -1, -1, -1, 1, 1, -1, -1, 1, -1, -1, -1, -1, -1, 1, -1, -1, -1, -1, 1, -1, -1, -1, -1, -1, -1, -1, -1, -1, -1, 1, -1, -1, -1, -1, -1, 1, -1, 1, -1, 1, -1, -1, 1, -1, 1, -1, -1, -1, -1, -1, 1, -1, -1, -1, -1, -1, -1, -1, 1, -1, -1, -1, 1, 1, 1, -1, 1, -1, 1, -1, -1, -1, -1, -1, -1, -1, -1, -1, -1, -1, -1, -1, -1, -1, -1, -1, -1, 1]	-441.25
Time limit: 6.000000
{'qpu_access_time': 314052, 'charge_time': 5993396, 'run_time': 5993396, 'problem_id': '80c7f130-5f57-4cd4-8620-cf5b1c7f2d93'}
[-1, 1, 1, -1, 1, 1, 1, 1, 1, -1, -1, -1, -1, -1, 1, -1, 1, 1, -1, 1, 1, -1, 1, 1, -1, -1, 1, -1, 1, -1, 1, 1, -1, -1, -1, -1, -1, 1, 1, -1, -1, 1, -1, -1, -1, -1, 1, 1, -1, -1, -1, 1, -1, 1, -1, -1, 1, -1, -1, -1, -1, -1, -1, -1, -1, -1, -1, -1, -1, -1, -1, -1, -1, -1, -1, -1, -1, -1, -1, -1, -1, -1, 1, -1, -1, -1, 1, 1, -1, 1, -1, -1, -1, 1, -1, 1, -1, -1, -1, 1, -1, -1, -1, -1, -1, -1, -1, -1, -1, 1, -1, -1, -1, -1, 1]	-441.25
Time limit: 6.000000
{'qpu_access_time': 307782, 'charge_time': 5995478, 'run_time': 5995478, 'problem_id': 'd75953b9-b2e4-4a19-a990-5a73d52db0bc'}
[1, -1, 1, -1, -1, 1, 1, 1, 1, 1, -1, 1, -1, -1, -1, -1, -1, 1, 1, 1, 1, 1, -1, -1, -1, 1, 1, 1, 1, -1, -1, -1, 1, -1, 1, -1, 1, -1, -1, -1, 1, -1, -1, -1, -1, -1, -1, -1, -1, -1, 1, -1, -1, 1, 1, -1, -1, 1, 1, -1, -1, -1, -1, -1, 1, -1, -1, -1, -1, -1, -1, -1, -1, -1, -1, -1, -1, -1, -1, -1, -1, -1, -1, -1, -1, -1, -1, -1, 1, -1, 1, 1, -1, -1, 1, -1, 1, -1, -1, -1, -1, -1, -1, -1, 1, 1, -1, -1, -1, -1, -1, -1, -1, -1, 1]	-441.25
Time limit: 6.000000
{'qpu_access_time': 267497, 'charge_time': 5991420, 'run_time': 5991420, 'problem_id': 'a832fe75-bf2a-44e3-9036-dc765c26d7b9'}
[1, 1, -1, -1, -1, 1, 1, 1, 1, -1, -1, -1, 1, -1, 1, -1, 1, 1, -1, -1, 1, 1, 1, -1, -1, 1, 1, -1, 1, -1, -1, 1, 1, 1, -1, -1, 1, -1, 1, -1, -1, -1, -1, -1, -1, -1, -1, -1, -1, -1, 1, -1, -1, 1, -1, -1, -1, 1, -1, -1, 1, -1, -1, -1, -1, -1, -1, -1, -1, -1, -1, -1, -1, 1, -1, -1, -1, -1, -1, -1, -1, -1, 1, -1, -1, -1, 1, -1, -1, 1, -1, -1, -1, -1, -1, -1, 1, 1, -1, 1, -1, -1, -1, -1, 1, -1, -1, -1, -1, -1, -1, -1, -1, 1, -1]	-441.25
Time limit: 6.000000
{'qpu_access_time': 315405, 'charge_time': 5996456, 'run_time': 5996456, 'problem_id': '5258923f-0e97-4a1a-9602-9cbe41916f0b'}
[-1, 1, 1, 1, 1, -1, -1, 1, -1, -1, 1, 1, -1, -1, -1, 1, 1, 1, 1, -1, 1, 1, -1, 1, -1, -1, 1, -1, -1, 1, 1, 1, -1, -1, -1, -1, -1, 1, -1, 1, 1, -1, 1, -1, -1, 1, -1, -1, 1, -1, -1, -1, -1, -1, -1, -1, 1, -1, -1, -1, -1, -1, -1, -1, -1, -1, 1, -1, -1, -1, -1, 1, -1, -1, -1, -1, -1, -1, -1, -1, -1, -1, -1, -1, -1, 1, 1, -1, -1, 1, -1, 1, -1, -1, -1, 1, -1, -1, -1, -1, -1, -1, -1, -1, -1, -1, 1, -1, -1, -1, 1, -1, -1, -1, 1]	-441.25
Time limit: 6.000000
{'qpu_access_time': 314459, 'charge_time': 5990907, 'run_time': 5990907, 'problem_id': '040a46c6-d7d3-4e8f-91f1-bc73c22f8eb4'}
[-1, 1, 1, -1, 1, 1, 1, 1, -1, -1, 1, -1, -1, 1, -1, 1, 1, 1, 1, -1, 1, 1, -1, -1, -1, 1, -1, 1, -1, 1, -1, -1, 1, -1, -1, -1, -1, 1, -1, 1, 1, -1, -1, -1, -1, -1, 1, -1, -1, 1, 1, -1, -1, 1, -1, 1, -1, 1, -1, -1, -1, -1, -1, -1, -1, -1, -1, 1, -1, -1, -1, -1, -1, -1, -1, -1, -1, -1, -1, 1, -1, -1, -1, 1, -1, -1, 1, -1, 1, -1, -1, 1, -1, -1, -1, -1, 1, -1, -1, -1, -1, -1, -1, -1, -1, -1, -1, -1, -1, -1, -1, 1, -1, 1, 1]	-441.25
Time limit: 6.000000
{'qpu_access_time': 273840, 'charge_time': 5996998, 'run_time': 5996998, 'problem_id': '6e12d849-84ba-4e2a-95b0-7625c29ca1ea'}
[1, 1, -1, -1, 1, -1, 1, 1, -1, 1, -1, -1, 1, -1, 1, -1, -1, 1, -1, 1, 1, 1, 1, -1, 1, 1, 1, -1, -1, -1, 1, 1, -1, 1, -1, 1, -1, -1, -1, -1, -1, -1, -1, -1, -1, -1, -1, -1, -1, -1, -1, -1, -1, 1, -1, -1, -1, 1, -1, -1, -1, -1, -1, -1, 1, -1, -1, -1, -1, -1, -1, -1, -1, -1, -1, 1, -1, -1, -1, -1, -1, -1, 1, -1, -1, -1, -1, -1, -1, 1, -1, -1, -1, 1, -1, 1, -1, 1, 1, 1, -1, -1, 1, -1, -1, -1, -1, -1, -1, -1, -1, -1, -1, -1, -1]	-441.25
Time limit: 6.000000
{'qpu_access_time': 275002, 'charge_time': 5988218, 'run_time': 5988218, 'problem_id': '74d8dc13-5517-46a4-a870-2424a9ac2bbf'}
[-1, 1, 1, 1, -1, 1, -1, 1, -1, 1, -1, 1, 1, -1, -1, 1, -1, 1, 1, -1, 1, -1, 1, 1, -1, -1, 1, -1, 1, -1, -1, 1, 1, -1, -1, -1, -1, 1, -1, -1, -1, 1, -1, 1, -1, 1, -1, -1, -1, -1, -1, 1, -1, -1, -1, -1, 1, -1, -1, -1, -1, -1, -1, -1, 1, -1, -1, -1, 1, -1, -1, 1, -1, -1, 1, -1, -1, -1, -1, -1, -1, -1, -1, -1, 1, -1, -1, -1, -1, 1, -1, 1, -1, -1, -1, -1, 1, -1, -1, 1, -1, -1, -1, -1, -1, -1, -1, -1, -1, -1, -1, -1, -1, 1, -1]	-441.25
Time limit: 6.000000
{'qpu_access_time': 307702, 'charge_time': 5990993, 'run_time': 5990993, 'problem_id': '2a66dc9a-a67c-4ab4-a024-91caa765f221'}
[1, -1, 1, 1, -1, -1, -1, 1, 1, -1, 1, -1, 1, -1, 1, 1, 1, 1, -1, -1, 1, 1, -1, 1, -1, -1, 1, -1, 1, -1, -1, 1, 1, -1, 1, -1, -1, -1, -1, -1, 1, -1, -1, -1, -1, 1, -1, -1, -1, -1, -1, -1, -1, -1, -1, -1, 1, -1, -1, 1, 1, -1, -1, -1, -1, -1, 1, -1, -1, -1, -1, -1, -1, 1, -1, -1, -1, -1, -1, -1, 1, -1, 1, -1, 1, -1, 1, -1, -1, 1, -1, -1, -1, -1, -1, -1, 1, -1, -1, -1, -1, -1, -1, -1, -1, -1, -1, -1, -1, -1, -1, -1, -1, -1, -1]	-441.25
Time limit: 6.000000
{'qpu_access_time': 315522, 'charge_time': 5998797, 'run_time': 5998797, 'problem_id': '2206bc7e-d631-426a-bf8d-a113cb75b01b'}
[-1, 1, 1, 1, 1, -1, -1, 1, -1, 1, -1, 1, -1, -1, 1, -1, 1, -1, -1, 1, 1, 1, -1, -1, 1, 1, 1, 1, -1, -1, 1, 1, -1, -1, -1, -1, -1, 1, -1, -1, 1, -1, 1, -1, -1, 1, -1, -1, 1, -1, -1, -1, -1, -1, -1, -1, -1, 1, -1, -1, -1, -1, -1, 1, -1, -1, -1, -1, -1, -1, 1, -1, -1, -1, -1, -1, -1, -1, -1, -1, -1, -1, 1, -1, -1, -1, -1, 1, -1, -1, -1, -1, -1, 1, -1, 1, -1, -1, 1, -1, -1, -1, 1, -1, -1, 1, -1, 1, -1, -1, -1, -1, -1, -1, 1]	-441.25
Time limit: 6.000000
{'qpu_access_time': 306359, 'charge_time': 5991192, 'run_time': 5991192, 'problem_id': '8dcf3eac-a0b0-412a-a8c4-375cdd17720d'}
[1, -1, 1, 1, -1, -1, -1, 1, -1, 1, 1, 1, 1, -1, 1, -1, -1, 1, -1, 1, 1, 1, -1, 1, -1, -1, 1, -1, 1, -1, 1, 1, -1, -1, 1, -1, -1, -1, -1, -1, 1, -1, -1, -1, -1, 1, -1, -1, -1, -1, -1, -1, -1, -1, -1, -1, 1, -1, -1, -1, -1, -1, 1, -1, 1, -1, 1, -1, 1, -1, 1, -1, -1, -1, -1, 1, -1, -1, -1, -1, -1, -1, 1, -1, -1, -1, -1, -1, -1, 1, -1, -1, -1, 1, -1, 1, -1, -1, -1, -1, -1, -1, -1, -1, -1, -1, -1, -1, -1, 1, -1, -1, -1, 1, -1]	-441.25
Time limit: 6.000000
{'qpu_access_time': 308218, 'charge_time': 5997817, 'run_time': 5997817, 'problem_id': '94c286d6-6b60-4b7f-86ec-e4e9aeb25c03'}
[1, -1, 1, 1, -1, -1, -1, 1, -1, 1, 1, 1, 1, -1, -1, 1, -1, 1, 1, -1, 1, -1, 1, 1, 1, -1, -1, -1, -1, 1, 1, 1, -1, -1, 1, -1, -1, -1, -1, -1, -1, 1, -1, -1, -1, 1, -1, -1, -1, -1, -1, -1, -1, -1, -1, -1, 1, -1, -1, -1, -1, -1, 1, -1, 1, 1, -1, -1, 1, -1, -1, 1, -1, -1, 1, -1, -1, -1, -1, -1, -1, -1, -1, -1, -1, 1, -1, -1, -1, 1, -1, 1, -1, -1, -1, 1, -1, -1, -1, -1, 1, -1, -1, -1, -1, -1, -1, -1, -1, -1, 1, -1, -1, -1, 1]	-441.25
