-2.500000
-2.500000
-2.500000
-2.500000
-3.000000
-3.000000
-2.500000
-2.500000
-3.000000
-2.500000
-3.000000
-3.000000
-3.000000
-3.500000
-2.500000
-3.000000
-2.500000
-2.500000
-2.500000
-3.000000
-2.500000
-2.500000
-2.500000
-2.500000
-3.000000
-2.500000
-3.000000
-2.500000
-3.000000
-3.000000
-2.500000
-2.500000
-2.500000
13.000000
13.000000
13.750000
13.750000
13.000000
13.750000
13.750000
13.000000
13.000000
13.750000
13.750000
13.000000
13.000000
13.750000
14.875000
14.875000
14.875000
13.750000
13.750000
13.750000
13.000000
13.750000
13.750000
13.000000
13.000000
13.750000
13.750000
14.875000
14.875000
13.750000
13.000000
13.000000
13.750000
13.750000
13.750000
14.875000
14.875000
13.750000
13.750000
14.875000
13.750000
13.750000
13.750000
14.875000
14.875000
14.875000
14.875000
13.750000
13.000000
13.000000
13.750000
13.750000
13.750000
13.000000
13.750000
13.000000
13.000000
13.750000
13.000000
13.750000
13.750000
13.750000
13.000000
13.000000
13.000000
13.750000
13.750000
13.750000
13.000000
14.875000
14.875000
13.750000
13.750000
14.875000
13.000000
14.875000
13.750000
13.750000
13.750000
13.000000
-11.750000
-23.500000
-47.000000
