1010011101101110010111000101011000101000100000000010010001000010100100001001000100100000100010010000000000000000010
1101000110001011110011110001110011000010000001000000000010001000000000000100000010101010100000001100000000001001000
1010011101101110011000110000101110101000010000000001010010000010110000001010001001000000010000000000000000000100110
1011001011001001011010111110000110100000010010000000000100101000100000000010000000010000010100001001111000000000010
1101000100101111110011110000100111000001000001000000000010000000010000001100001010101010010000001100000000000000000
0110111100110000111010101100011100000101010000101000111001000000010000000000000000000010010100010000000000000010000
1101000100111010110011110000111101000001000001000000000010000000010010100100000000100010010000010100000000001110010
1100101101000101011111101101000011010000000000000100010101000000100000000000100000010000101100101110000000000000010
0111100101000111011101010011001010000100101001000100000010000000100000000000010011000100101000100000000001000000110
1011001001101101011010111100000110100000010010000000000100000010110000001010100000010000010100001000110000000000010
0111010100110110110111000110001100000101100101000010000001000000001001100000010000100011010001010000000000000000001
0111100101001011100011010011011100000100101001000000000010000001000000000100000010100100000000010000000001110010000
0111100110000011110111001111000010000110101001010000000001000000000000000000000010110011100000101010001001000000011
0110111101000101011110101101000010000100010000100100110101000000100000000000100000010000101100101000000000000000010
0110111101000101011110101101000010000100010000100100110101000000100000000000100000010000101100101000000000000000010
1011000111001011010110111010001100100000010001000000000010101000100000000001000010100100010001010001101000000000001
0111010110010010110110101101100010000110010101000000100001000000000000100000000000100011100000101000000110000000010
1010101111000001101010111001100110110000010000010000010110100001000000000000000000001000000100001000100100010000000
1100101110000001111011110010011101010010000000010000010110000000000000000000000000000110010100010101000000100010010
1011001010101010110011010101110010100000100010000000000000011000000100000100000000100010100000001000010010001001000
0111010101001111100010110001011100000100010101000001000010000001000000001100000110100100000000010000000000010010010
0111100100100111111001010001011010000101101001000100000010000000000100000000000111000110100000000000000000000001110
1100011110001010110011100110100111001010000000000010010001001000000000000100000000100010010000001101000010000000000
0111010101011010010111000111011000000100100101000010000001000000100010100001000000100000100010010000000001100000010
0110111101010000101010110001111100000100010000101001011010000001000000000000000000000000000100010000000000011110000
0111100110000011110111001111000010000110101001010000000001000000000000000000000010110011100000101010001001000000011
0111011010000101111010110101010010000110010110000001000100000100000000000000000100010010100100001000010000000001010
0110111100100110110110110000101100000101010000100101010010000000010000000000001000100011010001010000000000000100001
1010011111001010011000110001111010101000010000000001010010101000100000000010000001000000100000000000000000001101110
1100101101010000011111101101100011010000000000001000011001000000100000000000000000000000101100101110000110000000010
1010101101100101101011010001011100110000100000000100010110000011000100000000000100000100000100010000000000010010010
0110111100100110110111000101100010000101100000100110010001000000000100000000001000100011100000101000000010000000001
1100101101000101011111101101000011010000000000000100010101000000100000000000100000010000101100101110000000000000010
1011000111010001011110111001100010100000010001000000000010100000100000010000000000001000101100101000100100000000000
1011000101110101011111010001011000100000100001000000000010000010100101010000000100000100101110010000000000000000010
1100101101000101011111110001011001010000000000000100010110000000100000000000000100000100101110010100000000000000000
0111100100100111110111010001011000000101101001000100000010000000000100000000000110100111100010010000000000000000001
0111100100101011110010111000100110000101011001000000000010000000010000000100000010101010010000001000100100000000010
0111010101001111010111000111000010000100100101000010000001000000100000001001010010110000100000101000000001000000001
1010101111000001011110111001011000110000010000010000010110100000100000000000000000000100101110010000100000000000010
0111010101011001011011000111010010000100100101000010000001000000100010010010000000010000100100001000000001100001001
0111100100110001111011001101010010000101101001001000000001000000000100010000000000010010100100001010000000000001010
0111010100110101111010110000100110000101010101000001000010000000010001010000001000001010010100001000000000000000010
1011000101101111011001010010001110100000100001000000000010000010101000001010010011000100010000000000000000000000100
1011000111010010100111001111001100100000100001000000000001100001000000100000000000100001000001010010001001010000000
0111100101010001101011010011011100000100101001001000000010000001000000010000000000000100000100010000000001110010000
1100101101001001011011110010011101010000000000000000010110000000100000000010000000000100010100010101000000100010000
1011001001110100011111010101100010100000100010000000001000000010100101000000001000000000101100101000010010000000010
0111010110000111111000110010001110000110010101000001000010000100000000000000010011000110010000000001000000000000110
0111010101010101011110110001100010000100010101000001000010000000100001010000001000001000101100101000000000000000010
