1011000101110101011111010010001100100000100001000000000010000010101001010000010000000100011101010000000000000000010
0110111101000101011110110001100010000100010000100101010110000000100000000000001000001000101100101000000000000000010
0110111101010000101011000111011100000100100000101010011001000001000000000000000000000000000100010000000001110010000
1010101101100101011111010001100010110000100000000100010110000010100100000000001000001000101100101000000000000000001
0111101000100110110111010110001100000101101010000100000000000000001000000000010000100011010001010000010000000000000
1100101101001001011011101110000111010000000000000000010101000000100000000010000000010000010100001111001000000000000
1101000110001011110011101110000111000010000001000000000001001000000000000100000010110010010000001111001000000000010
0110111101010000011110110001111000000100010000101001011010000000100000000000000000000000101110010000000000001100010
1101000101011010010111101110001101000000000001000000000001000000100010100001000000100000010001010111001000000000000
1100011101010100011111100101011001001000000000000010011001000000100001000000000100000000101110010100000000000000000
1100011110000101111011100101010011001010000000000010010101000100000000000000000100010010100100001100000000000001010
1010011111000110100110110001101100101000010000000001010010100101000000000000001000100001000001010000000000010100010
1011000101110110011101010001101010100000100001000000000010000010100101100000001001000000101000100000000000000100110
1101000110010010110111101101100011000010000001000000000001000000000000100000000000100011100000101110000110000000000
1010101101100101101011010001100110110000100000000100010110000011000100000000001000001000000100001000000000010000000
1011001010100101111011010101010010100000100010000000000100010100000100000000000100010010100100001000010000000001000
0111010101011010010110110010101100000100010101000001000010000000100010100001000000100000010001010001000000000100010
0111010100110101111010101100000110000101010101000000100001000000010001010000100000010010010100001000000000000000010
1011001011001010010110111110001100100000010010000000000000101000100000000001000000100000010001010001111000000000000
1010011111001010011000110001111010101000010000000001010010101000100000000010000001000000100000000000000000001101110
0111011001011000011010110110011100000100010110000001001000000000100010000010000000000000010100010001010000100010010
0111010101001111100010110001100110000100010101000001000010000001000000001100001010101000000000001000000000010000000
1010011111000101011111000111000010101000100000000010010101100100100000000000010000010000101100101000000001000000011
1101000101011010010111101110001101000000000001000000000001000000100010100001000000100000010001010111001000000000000
0110111110000001111010110010100110000110010000110001010110000000000000000000000000001010010100001001000000000000000
0111010101011010011000101110001110000100010101000000100001000000100010100010000001000000010000000001001000000000100
1010011111010000011110110001111000101000010000000001011010100000100000000000000000000000101110010000000000001100010
0110111110000010110110110001111000000110010000110001010010000000000000000000000000100011100010010000000000001100010
1011000101110101011111010001100010100000100001000000000010000010100101010000001000001000101100101000000000000000010
0111010101011010010110110010101100000100010101000001000010000000100010100001000000100000010001010001000000000100010
1101000100111010110011101100100111000001000001000000000001000000010010100100000000100010010000001110000110000000010
0110111100100101111010110000100110000101010000100101010110000000010000000000001000001010010100001000000000000000010
1011000111010001011110111010001100100000010001000000000010100000100000010000000000000100011101010001101000000000010
0111010100110101111010110000011100000101010101000001000010000000010001010000000100000110010100010000000000000010001
0110111101001001011010110001110010000100010000100001010110000000100000000010000000001000100100001000000000001001000
0111011001011000011010110101110010000100010110000001001000000000100010000010000000000000100100001000010010001001010
1011000101110110011101001101001010100000100001000000000001000010100101100000100001000000101000100010000000000000110
1010101101100101011111001101000010110000100000000100010101000010100100000000100000010000101100101010000000000000011
1010011110100110110110101100001100101000010000000000110001010100010000000000100000100011010001010000000000000000010
1011000111001011010111001111000010100000100001000000000001101000100000000001000010110000100000101010001001000000001
0111101000100101111011010110000110000101101010000100000100000000001000000000010000010010010100001000010000000000000
1011000101111010100011001101100110100000100001000000000001000011000110100100000000100000000000001010000110010000010
0110111101010000101011000111011100000100100000101010011001000001000000000000000000000000000100010000000001110010000
1010101110100001111010111000100110110000010000010000010110010000010000000000000000001010010100001000100100000000010
1010101110100010111000111000101110110000010000010000010010010000010000000000000001000010010000000000100100000100100
1010011111001010100010101101100110101000010000000000110001101001000000000100000000100000000000001000000110010000000
0111010100110110110110101100001100000101010101000000100001000000010001100000100000100011010001010000000000000000001
1010011101110100011111000110001100101000100000000010011001000010101001000000010000000000011101010000000000000000001
1010011101110100011111000101011000101000100000000010011001000010100101000000000100000000101110010000000000000000001
0110111110000010110110101101100010000110010000110000110001000000000000000000000000100011100000101000000110000000010
1010011111001001011010101110000110101000010000000000110101101000100000000010000000010000010100001001001000000000001
0111010101010101011111000111000010000100100101000010000001000000100001010000010000010000101100101000000001000000001
0111101010000001111010111101010010000110011010010000000100000000000000000000000000010010100100001000110000000001000
1010011111010000101011000111011100101000100000000010011001100001000000000000000000000000000100010000000001110010000
0111011001001110010110110110001100000100010110000001000000000000100000001001010000100000010001010001010000000000000
1010101101101010010110111000101100110000010000000000010010000010110000000001000000100000010001010000100100000100010
0111010101010110100111000111001100000100100101000010000001000001000001100000010000100001000001010000000001010000010
1011000110100111110110111000001100100000010001000000000010010100010000000000100010100111010001010000100000000000001
0111100101001011010110111010001100000100011001000000000010000000100000000001000010100100010001010001101000000000010
1010011110110000111010101100100110101000010000000000111001010000010000000000000000000010010100001000000110000000000
0111100100110010111001001110001110000101101001001000000001000000001000100000000001000010010000000010001000000000100
1010011101110100011111000101011000101000100000000010011001000010100101000000000100000000101110010000000000000000001
0111010101001111011000110010001110000100010101000001000010000000100000001010010011000100010000000001000000000000110
0110111100100110110111000101100010000101100000100110010001000000000100000000001000100011100000101000000010000000001
1011000101111010010111010001111000100000100001000000000010000010100110100001000000100000100010010000000000001100010
1010101110100010111000111000101110110000010000010000010010010000010000000000000001000010010000000000100100000100100
1011000101111010010111001110001100100000100001000000000001000010101010100001000000100000010001010010001000000000010
0111101010000010110110111101100010000110011010010000000000000000000000000000000000100011100000101000110110000000010
0111101000100110110111010110001100000101101010000100000000000000001000000000010000100011010001010000010000000000000
1101000101011010010111101110001101000000000001000000000001000000100010100001000000100000010001010111001000000000000
0111011010000101111010110110000110000110010110000001000100000100000000000000010000010010010100001001010000000000010
0111010101011010011001000111011010000100100101000010000001000000100010100010000001000000100000000000000001100001110
0111010101010101011110101101000010000100010101000000100001000000100001010000100000010000101100101000000000000000010
1010011101101110011000101100001110101000010000000000110001000010110000001010100001000000010000000000000000000000100
1100011100101110110011100100011101001001000000000010010001000000010000001100000100100010010000010100000000000010010
0111101001001001011010111110000110000100011010000000000100000000100000000010000000010000010100001001111000000000000
0111101001010000011110111110001100000100011010001000001000000000100000000000000000000000011101010001111000000000010
1011000111001011010110111001011000100000010001000000000010101000100000000001000010100100100010010000100000000000000
1100101101001001011011110010011101010000000000000000010110000000100000000010000000000100010100010101000000100010000
1011000101110101011111010001011000100000100001000000000010000010100101010000000100000100101110010000000000000000010
1101000100101111110011101100000111000001000001000000000001000000010000001100100010110010010000001110000000000000010
1101000101001111010111101101000011000000000001000000000001000000100000001001100010110000100000101110000000000000000
1010101111000010100110111001101100110000010000010000010010100001000000000000000000100001000001010000100100010100010
1011000101111010011000111000101110100000010001000000000010000010110010100010000001000000010000000000100100000100110
0111100101000111011100111001001010000100011001000100000010000000100000000000100011000100101000100000100000000000110
1010101101101010010110111000101100110000010000000000010010000010110000000001000000100000010001010000100100000100010
1011000111001011011000111010001110100000010001000000000010101000100000000010000011000100010000000001101000000000110
0110111101000101101010110001011100000100010000100101010110000001000000000000000100000100000100010000000000010010000
0111101010000001111010111101010010000110011010010000000100000000000000000000000000010010100100001000110000000001000
1010011101101101011010110000100110101000010000000001010110000010110000001010001000001000010100001000000000000000001
0111010100101111110010110000011100000101010101000001000010000000010000001100000110100110010000010000000000000010011
1010011101101110010111000101100010101000100000000010010001000010100100001001001000100000100000101000000010000000001
0111100101001011100011010011011100000100101001000000000010000001000000000100000010100100000000010000000001110010000
1011001001111000011010111100100110100000010010000000001000000010110010000010000000000000010100001000110110000000010
0111010100110110110110101100001100000101010101000000100001000000010001100000100000100011010001010000000000000000001
0111100100110010110111001101100010000101101001001000000001000000000100100000000000100011100000101010000110000000011
0111101010000010110111010111100010000110101010010000000000000000000000000000000000100011100000101000010011000000000
1100011110001010110011100101110011001010000000000010010001001000000000000100000000100010100000001100000010001001010
1101000100110101111011110000011101000001000001000000000010000000010001010000000100000110010100010100000000000010000
1101000100110110110111110000101101000001000001000000000010000000010001100000001000100011010001010100000000000100010
