-2.500000
-2.500000
-2.500000
-2.500000
-3.000000
-3.000000
-2.500000
-2.500000
-3.000000
-2.500000
-3.000000
-3.000000
-3.000000
-3.500000
-2.500000
-3.000000
-2.500000
-2.500000
-2.500000
-3.000000
-2.500000
-2.500000
-2.500000
-2.500000
-3.000000
-2.500000
-3.000000
-2.500000
-3.000000
-3.000000
-2.500000
-2.500000
-2.500000
16.000000
16.000000
16.750000
16.750000
16.000000
16.750000
16.750000
16.000000
16.000000
16.750000
16.750000
16.000000
16.000000
16.750000
17.875000
17.875000
17.875000
16.750000
16.750000
16.750000
16.000000
16.750000
16.750000
16.000000
16.000000
16.750000
16.750000
17.875000
17.875000
16.750000
16.000000
16.000000
16.750000
16.750000
16.750000
17.875000
17.875000
16.750000
16.750000
17.875000
16.750000
16.750000
16.750000
17.875000
17.875000
17.875000
17.875000
16.750000
16.000000
16.000000
16.750000
16.750000
16.750000
16.000000
16.750000
16.000000
16.000000
16.750000
16.000000
16.750000
16.750000
16.750000
16.000000
16.000000
16.000000
16.750000
16.750000
16.750000
16.000000
17.875000
17.875000
16.750000
16.750000
17.875000
16.000000
17.875000
16.750000
16.750000
16.750000
16.000000
-14.750000
-29.500000
