-2.500000
-2.500000
-2.500000
-2.500000
-3.000000
-3.000000
-2.500000
-2.500000
-3.000000
-2.500000
-3.000000
-3.000000
-3.000000
-3.500000
-2.500000
-3.000000
-2.500000
-2.500000
-2.500000
-3.000000
-2.500000
-2.500000
-2.500000
-2.500000
-3.000000
-2.500000
-3.000000
-2.500000
-3.000000
-3.000000
-2.500000
-2.500000
-2.500000
11.000000
11.000000
11.750000
11.750000
11.000000
11.750000
11.750000
11.000000
11.000000
11.750000
11.750000
11.000000
11.000000
11.750000
12.875000
12.875000
12.875000
11.750000
11.750000
11.750000
11.000000
11.750000
11.750000
11.000000
11.000000
11.750000
11.750000
12.875000
12.875000
11.750000
11.000000
11.000000
11.750000
11.750000
11.750000
12.875000
12.875000
11.750000
11.750000
12.875000
11.750000
11.750000
11.750000
12.875000
12.875000
12.875000
12.875000
11.750000
11.000000
11.000000
11.750000
11.750000
11.750000
11.000000
11.750000
11.000000
11.000000
11.750000
11.000000
11.750000
11.750000
11.750000
11.000000
11.000000
11.000000
11.750000
11.750000
11.750000
11.000000
12.875000
12.875000
11.750000
11.750000
12.875000
11.000000
12.875000
11.750000
11.750000
11.750000
11.000000
-9.750000
-19.500000
-39.000000
