0001010100001111001000010001011100000000000101000001000010000000000000001010000111000100000000000000000000010010000
0010110010100000001110110100100010000000010000110001000000010000010000000000000000000000001100101000010010000000000
1010010000110110001101000001100100101000100000000010000000000000000101100000001001000000001001000000000000010000000
0001000101101111100010010010001000000000000001000000000010000011001000001100010010100100000000010000000000000000000
0001010100001111100010010000011100000000000101000001000010000000000000001100000110100100000000010000000000000010000
1010010001111001000100110000110000101000010000000001000000000010010010010001000000001000000010000000000000001000000
0000011101110100010001100100010100000000000000000010011001000010110001000000000100000000010000000100000000000010000
0000001111001001100001100110010100000000000000000000010101101001000000000100000000010000000000000101000000100010000
0001011001100001011101100000001100000000000110000010000100000010110000000000000000000100011001000100000000000000000
0010001110100100110100111000000100000000010000000000010010010100010000000000100000000011010001000000100000000000000
1010011100011000001010110010000010101000010000000001011010000000000010000010000000000000000100001001000000000000000
1100010010001011000110110100000011001010000000000001000000001000000000000001000010110000000000101000010000000000000
1010010000011010010110101010000100101000010000000000100000000000000010100001000000100000010001000001001000000000000
1010010001011010000111000000111000101000100000000010000000000000000010100001000000100000000010010000000000001100000
0011010100010101110100010000100100000000000101000001000010000000000001010000001000001011010001000000000000000000000
0111011010000101000001000001011010000110100110000010000100000100000000000000000100000100000000000000000000000001100
0110100100110010000010111000101000000101010000001000000010000000010000100000000000100000000000010000100100000100000
0000000001101111010110010001011000000000000000000000000000000010100100001001000110100100100010010000000000000000000
0000110010100011100110010101000100000000000000110001000000010000000100000000000010110001000001000000010000010000000
0111100110000001001100100110010000000110011001010000000001000000000000000000000000010000001010000001000000100000000
0101100110000000110101101010000100000010001001010000000000000000000000000000000000000011010001000111001000000000000
1010010000001001110000110110010100101000010000000001000000000000000000000100000000010010010000000001010000100010000
0000100001110010100111100000111000000000000000001000000000000011010000100000000000100001000010010100000000001100000
1100010000100000011111000001111001001001000000000010000000000000000100000000000000000000101110010000000000001100000
1000010001101111100011000010001000001000000000000010000000000011001000001100010010100100000000010000000000000000000
0000110011000011100011100010011000000000000000110010000000100001000000000000000010100100000000010101000000100000000
0000110010100011110101100100000100000000000000110010000000010000010000000000000010010011010001000100000000000000000
0000000101101111011000000101010010000000000000000000000001000010100100001010000111010000100000000000000000000001000
0001010101100000001110010001101100000000000101000001000010000010000100000000000000000000001101010000000000010100000
0000000001110110100111100000101100000000000000000000000000000011010001100000001000100001000001010100000000000100000
0100000010001011000110011011001100000010000000000000000000001000000000000001000010100100000001010000101001010000000
0000101101100101100100011001000100000000000000000100010110000011000100000000100000000001000001000000100000010000000
0001010101101110011000000101100000000000000101000000000001000010100100001010001001000000100000000000000010000000000
1010100011000001100100101010001010110000010000010000000000100001000000000000000000000101000000100001001000000000100
1100010000100100001110010101100011001001000000000001000000000000000100000000001000000000001100101000010010000000000
0001011011000000011110001011000010000000000110000000100000100000100000000000000000000000101100101000001001000000000
0110000100111001000101001010001010000101100000000000000000000000001010010001000000000100000000100010001000000000100
1010010000010101110101000011001000101000100000000010000000000000000001010000010000000111100000000000000001000000000
0010110011000011100110010100000010000000000000110001000000100001000000000000000010110001000000101000010000000000000
0001000111000111010010011001001000000000000001000000000010100100100000000000100010100100100000010000100000000000000
0001011001101101100000000001011100000000000110000000000100000011000100001100000100000100000000000000000000010010000
1010010001001111100001000000011010101000100000000010000000000001000000001100000110000100000000000000000000000001100
0110000000100111001101001001001010000101100000000000000000000000000100000000100011000100001000100010000000000000100
0001011001111000011010001001100000000000000110000000101000000010100110000010000000000000100100000000000100000000000
1010100000000111110110100000001100110000010000000100000000000000000000000000000010100111010001010000000000000000000
1000000011001011011000011111000000000000000000000000000000101000100000000010000011010000100000000000111001000000000
0110000000001111000111000011001100000100100000000000000000000000000000001001010010100100000001010000000001010000000
1000001101101101100001101100000000000000000000000000010101000011010000001100100000010000000000000110000000000000000
0100110000110001110100010101000010000001000000101001000000000000000100010000000000010011100000100000010000000000000
0100010000110101110100010101010000000001000000000001000000000000000101010000000100010011100010000000010000000000000
