2.500000
2.500000
2.500000
2.500000
2.000000
2.000000
2.500000
2.500000
2.000000
2.500000
2.000000
2.000000
2.000000
1.500000
2.500000
2.000000
2.500000
2.500000
2.500000
2.000000
2.500000
2.500000
2.500000
2.500000
2.000000
2.500000
2.000000
2.500000
2.000000
2.000000
2.500000
2.500000
2.500000
14.250000
14.250000
14.750000
14.750000
14.250000
14.750000
14.750000
14.250000
14.250000
14.750000
14.750000
14.250000
14.250000
14.750000
15.500000
15.500000
15.500000
14.750000
14.750000
14.750000
14.250000
14.750000
14.750000
14.250000
14.250000
14.750000
14.750000
15.500000
15.500000
14.750000
14.250000
14.250000
14.750000
14.750000
14.750000
15.500000
15.500000
14.750000
14.750000
15.500000
14.750000
14.750000
14.750000
15.500000
15.500000
15.500000
15.500000
14.750000
14.250000
14.250000
14.750000
14.750000
14.750000
14.250000
14.750000
14.250000
14.250000
14.750000
14.250000
14.750000
14.750000
14.750000
14.250000
14.250000
14.250000
14.750000
14.750000
14.750000
14.250000
15.500000
15.500000
14.750000
14.750000
15.500000
14.250000
15.500000
14.750000
14.750000
14.750000
14.250000
-13.250000
-26.500000
