-2.500000
-2.500000
-2.500000
-2.500000
-3.000000
-3.000000
-2.500000
-2.500000
-3.000000
-2.500000
-3.000000
-3.000000
-3.000000
-3.500000
-2.500000
-3.000000
-2.500000
-2.500000
-2.500000
-3.000000
-2.500000
-2.500000
-2.500000
-2.500000
-3.000000
-2.500000
-3.000000
-2.500000
-3.000000
-3.000000
-2.500000
-2.500000
-2.500000
15.000000
15.000000
15.750000
15.750000
15.000000
15.750000
15.750000
15.000000
15.000000
15.750000
15.750000
15.000000
15.000000
15.750000
16.875000
16.875000
16.875000
15.750000
15.750000
15.750000
15.000000
15.750000
15.750000
15.000000
15.000000
15.750000
15.750000
16.875000
16.875000
15.750000
15.000000
15.000000
15.750000
15.750000
15.750000
16.875000
16.875000
15.750000
15.750000
16.875000
15.750000
15.750000
15.750000
16.875000
16.875000
16.875000
16.875000
15.750000
15.000000
15.000000
15.750000
15.750000
15.750000
15.000000
15.750000
15.000000
15.000000
15.750000
15.000000
15.750000
15.750000
15.750000
15.000000
15.000000
15.000000
15.750000
15.750000
15.750000
15.000000
16.875000
16.875000
15.750000
15.750000
16.875000
15.000000
16.875000
15.750000
15.750000
15.750000
15.000000
-13.750000
-27.500000
-55.000000
