-2.500000
-2.500000
-2.500000
-2.500000
-3.000000
-3.000000
-2.500000
-2.500000
-3.000000
-2.500000
-3.000000
-3.000000
-3.000000
-3.500000
-2.500000
-3.000000
-2.500000
-2.500000
-2.500000
-3.000000
-2.500000
-2.500000
-2.500000
-2.500000
-3.000000
-2.500000
-3.000000
-2.500000
-3.000000
-3.000000
-2.500000
-2.500000
-2.500000
16.500000
16.500000
17.250000
17.250000
16.500000
17.250000
17.250000
16.500000
16.500000
17.250000
17.250000
16.500000
16.500000
17.250000
18.375000
18.375000
18.375000
17.250000
17.250000
17.250000
16.500000
17.250000
17.250000
16.500000
16.500000
17.250000
17.250000
18.375000
18.375000
17.250000
16.500000
16.500000
17.250000
17.250000
17.250000
18.375000
18.375000
17.250000
17.250000
18.375000
17.250000
17.250000
17.250000
18.375000
18.375000
18.375000
18.375000
17.250000
16.500000
16.500000
17.250000
17.250000
17.250000
16.500000
17.250000
16.500000
16.500000
17.250000
16.500000
17.250000
17.250000
17.250000
16.500000
16.500000
16.500000
17.250000
17.250000
17.250000
16.500000
18.375000
18.375000
17.250000
17.250000
18.375000
16.500000
18.375000
17.250000
17.250000
17.250000
16.500000
-15.250000
-30.500000
-61.000000
