1101000110010010111001110001111011000010000001000000000010000000000000100000000001000010100000000100000000001101100
1101000101010101011111110001100011000000000001000000000010000000100001010000001000001000101100101100000000000000010
1011001001111000011010111100011100100000010010000000001000000010110010000010000000000000010100010000110000000010001
0111011010010000111010110101110010000110010110000001001000000000000000000000000000000010100100001000010010001001001
1100101101000101101011110001100111010000000000000100010110000001000000000000001000001000000100001100000000010000000
1011001001101101011011010101010010100000100010000000000100000010100100001010000100010000100100001000010000000001011
0110111101001010100010101101100110000100010000100000110001000001000000000100000000100000000000001000000110010000000
1011000101101111010111010010001100100000100001000000000010000010101000001001010010100100010001010000000000000000011
1011000110100111110111010010001100100000100001000000000010010100001000000000010010100111010001010000000000000000011
1010101111000010101001001111001110110000100000010000010001100001000000000000000001000000000000000010001001010000110
0111100101000111101001010011001110000100101001000100000010000001000000000000010011000100000000000000000001010000110
1101000101010101011111110001100011000000000001000000000010000000100001010000001000001000101100101100000000000000010
0111100101000111100110111001001100000100011001000100000010000001000000000000100010100101000001010000100000010000011
0110111110000010111000101110001110000110010000110000110001000000000000000000000001000010010000000001001000000000110
1010101110100010110111001110001100110000100000010000010001010000001000000000000000100011010001010010001000000000011
1011001011001010011000111101011010100000010010000000000000101000100000000010000001000000100000000000110000000001100
0111100100110010111001001110001110000101101001001000000001000000001000100000000001000010010000000010001000000000101
0110111100100101111011000110000110000101100000100110010101000000001000000000010000010010010100001000000000000000011
1010011111001010100011000111011100101000100000000010010001101001000000000100000000100000000000010000000001110010011
1101000110001011110011101101010011000010000001000000000001001000000000000100000010110010100000001110000000000001001
0110111110000010110110110001111000000110010000110001010010000000000000000000000000100011100010010000000000001100011
1010011110101010110010101100011100101000010000000000110001011000010000000100000000100010010000010000000000000010001
0111100101001011010111010011011000000100101001000000000010000000100000000001000010100100100010010000000001100000001
1101000101001111100011110001100111000000000001000000000010000001000000001100001010101000000000001100000000010000000
0110111101001010011000101110001110000100010000100000110001000000100000000010000001000000010000000001001000000000100
1011001001111000011010111100100110100000010010000000001000000010110010000010000000000000010100001000110110000000011
0111010101011010100010101101011100000100010101000000100001000001000010100100000000100000000000010000000000010010010
0111101001010000011111010111100010000100101010001000001000000000100000000000000000000000101100101000010011000000001
1010101110100010110111001101011000110000100000010000010001010000000100000000000000100011100010010010000000000000001
1010011110110000111010101100011100101000010000000000111001010000010000000000000000000010010100010000000000000010010
1100101101001001011011101101010011010000000000000000010101000000100000000010000000010000100100001110000000000001010
1100101101001010100011101101100111010000000000000000010001000001000000000100000000100000000000001110000110010000000
1101000110000111110111110001100011000010000001000000000010000100000000000000001010101011100000101100000000000000001
1101001010001010110011110110011101000010000010000000000000001000000000000100000000100010010000010101010000100010010
1100101110000001111011101101010011010010000000010000010101000000000000000000000000010010100100001110000000000001001
1010101101101001011011010010011100110000100000000000010110000010101000000010000000000100010100010000000000100010011
1101001001001101011011110110000111000000000010000000000100000000100000001010010000010000010100001101010000000000010
1010011111010000101011000111011100101000100000000010011001100001000000000000000000000000000100010000000001110010001
0111010101011010011000110010101110000100010101000001000010000000100010100010000001000000010000000001000000000100101
1101000101010101101011110001011101000000000001000000000010000001000001010000000100000100000100010100000000010010000
0111101001001001011010111110000110000100011010000000000100000000100000000010000000010000010100001001111000000000001
1011000110110001111010111000011100100000010001000000000010010000010000010000000000000110010100010000100000000010010
1011001010101010110011010110100110100000100010000000000000011000001000000100000000100010010000001000010010000000000
0111101001010000101011010111100110000100101010001000001000000001000000000000000000000000000100001000010011010000000
0111010101010110011101000111001010000100100101000010000001000000100001100000010001000000101000100000000001000000111
1100101101010000011111110010101101010000000000001000011010000000100000000000000000000000011101010101000000000100001
1010101110100010110111010010101100110000100000010000010010010000001000000000000000100011010001010000000000000100001
0111100101010010101001010011101110000100101001001000000010000001000000100000000001000000000000000000000001010100100
1100101101001001011011110010100111010000000000000000010110000000100000000010000000001000010100001101000000000000000
1011000110110010111001001110001110100000100001000000000001010000001000100000000001000010010000000010001000000000100
