011111000111000011001110010000000011
110011011101100101000000100100011010
011110110110000010101101010010100000
011110111001000010110101100001010000
110011011101100101000000100100011010
110011011101100101000000100100011010
101011110110010100001000011110100000
101011110110010100001000011110100000
011111000111000011001110010000000011
101011110110010100001000011110100000
101101101011011000010010001001000101
110011011101100101000000100100011010
011110110110000010101101010010100000
101011111001010100010000101101010000
101101101011011000010010001001000101
101101101011011000010010001001000101
101101101011011000010010001001000101
110101001111101001000010000000001111
110101001111101001000010000000001111
101011110110010100001000011110100000
101101101011011000010010001001000101
011110111001000010110101100001010000
110101001111101001000010000000001111
101101101011011000010010001001000101
101101101011011000010010001001000101
