Time limit: 3.000000
{'qpu_access_time': 101022, 'charge_time': 2996482, 'run_time': 2996482, 'problem_id': '23c94f8b-9013-4d59-aec2-93bee48305fc'}
[-1, 1, 1, 1, 1, 1, -1, -1, -1, 1, 1, 1, -1, -1, -1, -1, 1, 1, -1, -1, 1, 1, 1, -1, -1, 1, -1, -1, -1, -1, -1, -1, -1, -1, 1, 1]	-31.0
Time limit: 3.000000
{'qpu_access_time': 162544, 'charge_time': 2990047, 'run_time': 2990047, 'problem_id': '3dadcdb8-b796-48ca-8d56-bb47c21bded7'}
[1, 1, -1, -1, 1, 1, -1, 1, 1, 1, -1, 1, 1, -1, -1, 1, -1, 1, -1, -1, -1, -1, -1, -1, 1, -1, -1, 1, -1, -1, -1, 1, 1, -1, 1, -1]	-31.0
Time limit: 3.000000
{'qpu_access_time': 101440, 'charge_time': 2996471, 'run_time': 2996471, 'problem_id': '7070cd6b-d9dd-40db-99a5-5a367d67b6ec'}
[-1, 1, 1, 1, 1, -1, 1, 1, -1, 1, 1, -1, -1, -1, -1, -1, 1, -1, 1, -1, 1, 1, -1, 1, -1, 1, -1, -1, 1, -1, 1, -1, -1, -1, -1, -1]	-31.0
Time limit: 3.000000
{'qpu_access_time': 141601, 'charge_time': 2980885, 'run_time': 2980885, 'problem_id': '2f6a043c-9c81-49c0-93f7-b6e04647e31d'}
[-1, 1, 1, 1, 1, -1, 1, 1, 1, -1, -1, 1, -1, -1, -1, -1, 1, -1, 1, 1, -1, 1, -1, 1, 1, -1, -1, -1, -1, 1, -1, 1, -1, -1, -1, -1]	-31.0
Time limit: 3.000000
{'qpu_access_time': 81275, 'charge_time': 2989093, 'run_time': 2989093, 'problem_id': '2577d3cd-8cd1-445e-8c2f-4e5e495a4501'}
[1, 1, -1, -1, 1, 1, -1, 1, 1, 1, -1, 1, 1, -1, -1, 1, -1, 1, -1, -1, -1, -1, -1, -1, 1, -1, -1, 1, -1, -1, -1, 1, 1, -1, 1, -1]	-31.0
Time limit: 3.000000
{'qpu_access_time': 121929, 'charge_time': 2988738, 'run_time': 2988738, 'problem_id': 'd31b7964-c1ab-41ba-8ea0-26c44effcc27'}
[1, 1, -1, -1, 1, 1, -1, 1, 1, 1, -1, 1, 1, -1, -1, 1, -1, 1, -1, -1, -1, -1, -1, -1, 1, -1, -1, 1, -1, -1, -1, 1, 1, -1, 1, -1]	-31.0
Time limit: 3.000000
{'qpu_access_time': 101008, 'charge_time': 2983600, 'run_time': 2983600, 'problem_id': 'fdcee3c3-3c75-47df-944c-4972ed9c1ff7'}
[1, -1, 1, -1, 1, 1, 1, 1, -1, 1, 1, -1, -1, 1, -1, 1, -1, -1, -1, -1, 1, -1, -1, -1, -1, 1, 1, 1, 1, -1, 1, -1, -1, -1, -1, -1]	-31.0
Time limit: 3.000000
{'qpu_access_time': 121160, 'charge_time': 2986529, 'run_time': 2986529, 'problem_id': 'ceb95df6-8f58-45d8-b156-c9b73e4411c4'}
[1, -1, 1, -1, 1, 1, 1, 1, -1, 1, 1, -1, -1, 1, -1, 1, -1, -1, -1, -1, 1, -1, -1, -1, -1, 1, 1, 1, 1, -1, 1, -1, -1, -1, -1, -1]	-31.0
Time limit: 3.000000
{'qpu_access_time': 121835, 'charge_time': 2982971, 'run_time': 2982971, 'problem_id': '8e11413d-8df0-499c-8af6-bea373959f2e'}
[-1, 1, 1, 1, 1, 1, -1, -1, -1, 1, 1, 1, -1, -1, -1, -1, 1, 1, -1, -1, 1, 1, 1, -1, -1, 1, -1, -1, -1, -1, -1, -1, -1, -1, 1, 1]	-31.0
Time limit: 3.000000
{'qpu_access_time': 122428, 'charge_time': 2998518, 'run_time': 2998518, 'problem_id': '24aab1e6-8443-4dd3-8589-2c965ca9c455'}
[1, -1, 1, -1, 1, 1, 1, 1, -1, 1, 1, -1, -1, 1, -1, 1, -1, -1, -1, -1, 1, -1, -1, -1, -1, 1, 1, 1, 1, -1, 1, -1, -1, -1, -1, -1]	-31.0
Time limit: 3.000000
{'qpu_access_time': 100951, 'charge_time': 2999092, 'run_time': 2999092, 'problem_id': '096074db-4233-4b17-9c0e-ff5dd7069e1b'}
[1, -1, 1, 1, -1, 1, 1, -1, 1, -1, 1, 1, -1, 1, 1, -1, -1, -1, -1, 1, -1, -1, 1, -1, -1, -1, 1, -1, -1, 1, -1, -1, -1, 1, -1, 1]	-31.0
Time limit: 3.000000
{'qpu_access_time': 101270, 'charge_time': 2995083, 'run_time': 2995083, 'problem_id': '9f044eaa-c715-487f-9383-98799976cebb'}
[1, 1, -1, -1, 1, 1, -1, 1, 1, 1, -1, 1, 1, -1, -1, 1, -1, 1, -1, -1, -1, -1, -1, -1, 1, -1, -1, 1, -1, -1, -1, 1, 1, -1, 1, -1]	-31.0
Time limit: 3.000000
{'qpu_access_time': 163004, 'charge_time': 2992128, 'run_time': 2992128, 'problem_id': 'fa92597d-7306-49fd-8b0e-04f73effa1bd'}
[-1, 1, 1, 1, 1, -1, 1, 1, -1, 1, 1, -1, -1, -1, -1, -1, 1, -1, 1, -1, 1, 1, -1, 1, -1, 1, -1, -1, 1, -1, 1, -1, -1, -1, -1, -1]	-31.0
Time limit: 3.000000
{'qpu_access_time': 141972, 'charge_time': 2992573, 'run_time': 2992573, 'problem_id': 'bf9b3961-cea4-4d80-82b7-ab5ba942f551'}
[1, -1, 1, -1, 1, 1, 1, 1, 1, -1, -1, 1, -1, 1, -1, 1, -1, -1, -1, 1, -1, -1, -1, -1, 1, -1, 1, 1, -1, 1, -1, 1, -1, -1, -1, -1]	-31.0
Time limit: 3.000000
{'qpu_access_time': 121689, 'charge_time': 2992080, 'run_time': 2992080, 'problem_id': 'bc77fc2a-f344-40c9-b57d-7eb182afba1b'}
[1, -1, 1, 1, -1, 1, 1, -1, 1, -1, 1, 1, -1, 1, 1, -1, -1, -1, -1, 1, -1, -1, 1, -1, -1, -1, 1, -1, -1, 1, -1, -1, -1, 1, -1, 1]	-31.0
Time limit: 3.000000
{'qpu_access_time': 142644, 'charge_time': 2992898, 'run_time': 2992898, 'problem_id': 'f2ee34f2-f4a5-4919-91f0-7f987879faa6'}
[1, -1, 1, 1, -1, 1, 1, -1, 1, -1, 1, 1, -1, 1, 1, -1, -1, -1, -1, 1, -1, -1, 1, -1, -1, -1, 1, -1, -1, 1, -1, -1, -1, 1, -1, 1]	-31.0
Time limit: 3.000000
{'qpu_access_time': 162531, 'charge_time': 2983133, 'run_time': 2983133, 'problem_id': 'd638b51e-5a4e-470e-8022-82ad8ca196ca'}
[1, -1, 1, 1, -1, 1, 1, -1, 1, -1, 1, 1, -1, 1, 1, -1, -1, -1, -1, 1, -1, -1, 1, -1, -1, -1, 1, -1, -1, 1, -1, -1, -1, 1, -1, 1]	-31.0
Time limit: 3.000000
{'qpu_access_time': 101142, 'charge_time': 2982456, 'run_time': 2982456, 'problem_id': '0b99533b-3cb3-4c8f-b840-76946c063f31'}
[1, 1, -1, 1, -1, 1, -1, -1, 1, 1, 1, 1, 1, -1, 1, -1, -1, 1, -1, -1, -1, -1, 1, -1, -1, -1, -1, -1, -1, -1, -1, -1, 1, 1, 1, 1]	-31.0
Time limit: 3.000000
{'qpu_access_time': 102078, 'charge_time': 2995542, 'run_time': 2995542, 'problem_id': '344b07f4-1574-45ac-b2c7-0d5b0b683731'}
[1, 1, -1, 1, -1, 1, -1, -1, 1, 1, 1, 1, 1, -1, 1, -1, -1, 1, -1, -1, -1, -1, 1, -1, -1, -1, -1, -1, -1, -1, -1, -1, 1, 1, 1, 1]	-31.0
Time limit: 3.000000
{'qpu_access_time': 141782, 'charge_time': 2991459, 'run_time': 2991459, 'problem_id': 'c66fc4f7-530c-462b-bd99-ef2d9d212e87'}
[1, -1, 1, -1, 1, 1, 1, 1, -1, 1, 1, -1, -1, 1, -1, 1, -1, -1, -1, -1, 1, -1, -1, -1, -1, 1, 1, 1, 1, -1, 1, -1, -1, -1, -1, -1]	-31.0
Time limit: 3.000000
{'qpu_access_time': 142820, 'charge_time': 2987204, 'run_time': 2987204, 'problem_id': '73492a68-9cf8-4a4f-bfb4-95d9d63003b8'}
[1, -1, 1, 1, -1, 1, 1, -1, 1, -1, 1, 1, -1, 1, 1, -1, -1, -1, -1, 1, -1, -1, 1, -1, -1, -1, 1, -1, -1, 1, -1, -1, -1, 1, -1, 1]	-31.0
Time limit: 3.000000
{'qpu_access_time': 101305, 'charge_time': 2997192, 'run_time': 2997192, 'problem_id': 'b5ac58f5-38e5-4322-928f-83f75010e5d3'}
[-1, 1, 1, 1, 1, -1, 1, 1, 1, -1, -1, 1, -1, -1, -1, -1, 1, -1, 1, 1, -1, 1, -1, 1, 1, -1, -1, -1, -1, 1, -1, 1, -1, -1, -1, -1]	-31.0
Time limit: 3.000000
{'qpu_access_time': 122455, 'charge_time': 2992998, 'run_time': 2992998, 'problem_id': 'cca8e444-d785-484f-98a2-a9188d4bd52a'}
[1, 1, -1, 1, -1, 1, -1, -1, 1, 1, 1, 1, 1, -1, 1, -1, -1, 1, -1, -1, -1, -1, 1, -1, -1, -1, -1, -1, -1, -1, -1, -1, 1, 1, 1, 1]	-31.0
Time limit: 3.000000
{'qpu_access_time': 122205, 'charge_time': 2988997, 'run_time': 2988997, 'problem_id': '8e8e5b82-2b04-468c-a628-da41a7f08aed'}
[1, -1, 1, 1, -1, 1, 1, -1, 1, -1, 1, 1, -1, 1, 1, -1, -1, -1, -1, 1, -1, -1, 1, -1, -1, -1, 1, -1, -1, 1, -1, -1, -1, 1, -1, 1]	-31.0
Time limit: 3.000000
{'qpu_access_time': 141816, 'charge_time': 2993999, 'run_time': 2993999, 'problem_id': 'b877e104-d67b-4b34-b08f-319e9fa12c42'}
[1, -1, 1, 1, -1, 1, 1, -1, 1, -1, 1, 1, -1, 1, 1, -1, -1, -1, -1, 1, -1, -1, 1, -1, -1, -1, 1, -1, -1, 1, -1, -1, -1, 1, -1, 1]	-31.0
