-2.500000
-2.500000
-2.500000
-2.500000
-3.000000
-3.000000
-2.500000
-2.500000
-3.000000
-2.500000
-3.000000
-3.000000
-3.000000
-3.500000
-2.500000
-3.000000
-2.500000
-2.500000
-2.500000
-3.000000
-2.500000
-2.500000
-2.500000
-2.500000
-3.000000
-2.500000
-3.000000
-2.500000
-3.000000
-3.000000
-2.500000
-2.500000
-2.500000
11.500000
11.500000
12.250000
12.250000
11.500000
12.250000
12.250000
11.500000
11.500000
12.250000
12.250000
11.500000
11.500000
12.250000
13.375000
13.375000
13.375000
12.250000
12.250000
12.250000
11.500000
12.250000
12.250000
11.500000
11.500000
12.250000
12.250000
13.375000
13.375000
12.250000
11.500000
11.500000
12.250000
12.250000
12.250000
13.375000
13.375000
12.250000
12.250000
13.375000
12.250000
12.250000
12.250000
13.375000
13.375000
13.375000
13.375000
12.250000
11.500000
11.500000
12.250000
12.250000
12.250000
11.500000
12.250000
11.500000
11.500000
12.250000
11.500000
12.250000
12.250000
12.250000
11.500000
11.500000
11.500000
12.250000
12.250000
12.250000
11.500000
13.375000
13.375000
12.250000
12.250000
13.375000
11.500000
13.375000
12.250000
12.250000
12.250000
11.500000
-10.250000
-20.500000
