1101001001001110100011110101011101000000000010000000000000000001000000001100000100100000000000010100010000010010000
1101001001001110011001110110001111000000000010000000000000000000100000001010010001000000010000000101010000000000100
1101000101001111010111110001011001000000000001000000000010000000100000001001000110100100100010010100000000000000001
1011000101110110101001010001101110100000100001000000000010000011000101100000001001000000000000000000000000010100101
1011000101110101101011010001011100100000100001000000000010000011000101010000000100000100000100010000000000010010011
1101001010001010110011110110100111000010000010000000000000001000000000000100000000100010010000001101010010000000010
1101000110010001111011101101010011000010000001000000000001000000000000010000000000010010100100001110000000000001010
1010011111010000101010101101100110101000010000000000111001100001000000000000000000000000000100001000000110010000001
1101001001010100011111110110001101000000000010000000001000000000100001000000010000000000011101010101010000000000001
1101000101001111011001110010001111000000000001000000000010000000100000001010010011000100010000000101000000000000101
1101000110000111110111110001011001000010000001000000000010000100000000000000000110100111100010010100000000000000011
0110111110000010111000101101011010000110010000110000110001000000000000000000000001000010100000000000000000000001110
1101000101010110101001110001101111000000000001000000000010000001000001100000001001000000000000000100000000010100100
1100011101001110011001100110001111001000000000000010010001000000100000001010010001000000010000000101000000000000101
0111101001001010010111010111011000000100101010000000000000000000100000000001000000100000100010010000010001100000010
0111101001010000101010111101011100000100011010001000001000000001000000000000000000000000000100010000110000010010010
0111100101001011100011001111000110000100101001000000000001000001000000000100000010110000000000001010001001010000011
1101000101011010010111101101011001000000000001000000000001000000100010100001000000100000100010010110000000000000010
0111101010000010111000111101011010000110011010010000000000000000000000000000000001000010100000000000110000000001110
1011001010100101111010111100000110100000010010000000000100010100010000000000100000010010010100001000110000000000011
1101000101010101011111101101000011000000000001000000000001000000100001010000100000010000101100101110000000000000011
0111010101011010011000110010101110000100010101000001000010000000100010100010000001000000010000000001000000000100111
1011000110110001111011010010100110100000100001000000000010010000001000010000000000001010010100001000000000000000000
1100101101010000101011101101011101010000000000001000011001000001000000000000000000000000000100010110000000010010010
0110111110000010111000101101011010000110010000110000110001000000000000000000000001000010100000000000000000000001110
0111101000110000111011010110011100000101101010001000001000000000001000000000000000000010010100010000010000100010011
1010101111000010101001010011101110110000100000010000010010100001000000000000000001000000000000000000000001010100110
1101000101001111100011110001100111000000000001000000000010000001000000001100001010101000000000001100000000010000010
0111100101010010011101010011101010000100101001001000000010000000100000100000000001000000101000100000000001000100111
0111101001001010010111010111100010000100101010000000000000000000100000000001000000100000100000101000010011000000010
0110111101010000101011000111011100000100100000101010011001000001000000000000000000000000000100010000000001110010011
0111101000100110110111010110001100000101101010000100000000000000001000000000010000100011010001010000010000000000011
1101000100110101111011110000100111000001000001000000000010000000010001010000001000001010010100001100000000000000001
1101000101010101011111110001100011000000000001000000000010000000100001010000001000001000101100101100000000000000001
1011001011010000011111010111011000100000100010000000001000100000100000000000000000000000101110010000010001100000001
0111101001001010010110111110001100000100011010000000000000000000100000000001000000100000010001010001111000000000001
1010101101101010010111010001111000110000100000000000010010000010100100000001000000100000100010010000000000001100011
1101000110010010110111110010101101000010000001000000000010000000000000100000000000100011010001010101000000000100001
1010011101101110011001000110001110101000100000000010010001000010101000001010010001000000010000000000000000000000111
0111100101001011100011010011100110000100101001000000000010000001000000000100000010101000000000001000000001010000010
1101000101010101011111101101000011000000000001000000000001000000100001010000100000010000101100101110000000000000011
1101001010000110110111110101100011000010000010000000000000000100000000000000001000100011100000101100010010000000001
1010011111000110101000110001101110101000010000000001010010100101000000000000001001000000000000000000000000010100101
0111101010000010110111010111100010000110101010010000000000000000000000000000000000100011100000101000010011000000011
1100101101000101101011101101000111010000000000000100010101000001000000000000100000010000000100001110000000010000001
1101001010000101111011110101010011000010000010000000000100000100000000000000000100010010100100001100010000000001001
0111010101010101101010101101000110000100010101000000100001000001000001010000100000010000000100001000000000010000001
1011000111010010101000111001101110100000010001000000000010100001000000100000000001000000000000000000100100010100110
0110111101001010011001000111011010000100100000100010010001000000100000000010000001000000100000000000000001100001101
0110111101010000011110101101011000000100010000101000111001000000100000000000000000000000101110010000000000000000001
