-2.500000
-2.500000
-2.500000
-2.500000
-3.000000
-3.000000
-2.500000
-2.500000
-3.000000
-2.500000
-3.000000
-3.000000
-3.000000
-3.500000
-2.500000
-3.000000
-2.500000
-2.500000
-2.500000
-3.000000
-2.500000
-2.500000
-2.500000
-2.500000
-3.000000
-2.500000
-3.000000
-2.500000
-3.000000
-3.000000
-2.500000
-2.500000
-2.500000
10.500000
10.500000
11.250000
11.250000
10.500000
11.250000
11.250000
10.500000
10.500000
11.250000
11.250000
10.500000
10.500000
11.250000
12.375000
12.375000
12.375000
11.250000
11.250000
11.250000
10.500000
11.250000
11.250000
10.500000
10.500000
11.250000
11.250000
12.375000
12.375000
11.250000
10.500000
10.500000
11.250000
11.250000
11.250000
12.375000
12.375000
11.250000
11.250000
12.375000
11.250000
11.250000
11.250000
12.375000
12.375000
12.375000
12.375000
11.250000
10.500000
10.500000
11.250000
11.250000
11.250000
10.500000
11.250000
10.500000
10.500000
11.250000
10.500000
11.250000
11.250000
11.250000
10.500000
10.500000
10.500000
11.250000
11.250000
11.250000
10.500000
12.375000
12.375000
11.250000
11.250000
12.375000
10.500000
12.375000
11.250000
11.250000
11.250000
10.500000
-9.250000
-18.500000
-37.000000
