-9.000000
-9.000000
-8.500000
-8.000000
-8.500000
-8.000000
-9.000000
-8.000000
-9.000000
-8.000000
-8.500000
-7.500000
-7.500000
-7.500000
-7.500000
-8.000000
-7.500000
-8.500000
-8.000000
-8.500000
-7.500000
-7.500000
-7.500000
-7.500000
-8.000000
-7.500000
-8.500000
-8.000000
-9.000000
-7.500000
-8.000000
-7.500000
-8.000000
-8.000000
-8.000000
-9.000000
-9.000000
-8.500000
-8.500000
-9.000000
2.500000
1.750000
1.750000
1.750000
2.500000
1.750000
1.000000
1.000000
1.000000
1.750000
1.750000
1.000000
1.000000
1.000000
1.750000
1.750000
1.000000
1.000000
1.000000
1.750000
2.500000
1.750000
1.750000
1.750000
2.500000
